800 800
658.58 528.86
360.82 442.98
682.69 428.34
228.96 490.30
505.84 314.68
424.90 599.40
777.28 375.01
142.42 364.89
174.08 463.72
361.10 396.44
619.37 440.91
345.77 585.33
758.02 260.46
20.15 279.91
44.22 559.59
313.34 491.88
679.12 328.28
100.65 468.92
264.33 511.83
601.61 281.46
192.46 537.01
457.70 295.39
481.76 530.71
714.31 529.31
305.35 349.78
484.53 356.68
510.09 615.30
659.87 462.03
301.02 509.37
672.55 299.02
80.26 451.31
232.09 557.29
550.08 236.13
290.74 519.07
660.09 281.27
84.40 452.34
234.99 550.31
555.26 242.78
279.94 525.34
642.54 269.02
105.70 466.47
265.66 505.48
599.76 288.67
201.25 547.32
479.84 273.17
437.49 531.91
766.88 469.80
260.47 346.29
391.60 336.15
555.07 464.43
514.42 625.63
644.71 456.83
318.87 537.95
718.44 281.48
29.34 356.10
112.27 623.07
315.36 332.01
480.00 352.52
511.84 608.28
660.38 468.58
307.80 503.27
679.70 311.20
82.49 451.92
233.67 553.51
552.99 239.68
284.59 522.43
650.19 274.29
95.61 460.49
251.02 526.78
581.92 265.06
226.80 536.64
532.52 263.71
335.31 552.40
745.92 283.27
27.95 320.39
71.54 597.02
305.33 417.77
577.03 371.09
340.48 635.41
725.44 212.88
13.61 267.14
43.59 548.58
311.56 505.45
687.69 312.12
74.88 439.29
215.16 572.28
512.99 231.02
368.47 508.28
756.76 382.92
140.42 385.38
198.98 473.81
423.20 356.35
574.96 531.40
526.29 546.01
638.48 539.74
398.50 462.38
722.45 477.29
261.15 393.62
456.23 354.73
546.19 580.72
598.16 501.20
455.50 560.29
758.10 462.70
247.67 360.53
381.63 346.48
564.63 455.27
482.20 628.59
699.64 430.92
216.83 460.87
447.50 349.72
548.97 565.32
593.01 517.66
478.70 547.06
725.18 506.68
287.23 359.55
463.60 350.54
532.13 587.93
626.97 493.91
390.31 531.79
780.39 391.66
168.11 366.45
219.57 423.81
405.94 367.74
595.15 508.16
467.46 555.74
742.95 483.56
265.90 359.62
420.11 344.39
561.38 518.72
549.72 568.48
591.41 513.92
479.73 552.91
725.02 500.88
282.67 366.16
463.32 351.71
533.95 588.30
623.02 493.73
397.80 537.55
783.82 397.50
179.43 364.71
238.98 406.91
425.97 359.49
577.61 537.65
523.07 536.71
641.87 549.93
395.66 445.02
701.00 484.25
279.29 420.70
531.93 355.20
419.00 641.32
752.72 335.62
77.91 364.99
114.05 569.91
336.30 378.37
568.74 402.74
402.84 646.28
751.91 306.21
47.28 338.70
81.50 593.94
309.14 406.06
567.23 376.18
369.31 643.37
744.89 251.50
13.27 284.13
53.40 568.68
311.04 471.08
654.30 345.85
154.77 524.34
379.66 363.72
585.87 461.98
442.84 609.13
760.31 394.72
158.47 383.51
225.44 444.17
446.08 354.40
556.21 566.12
576.99 514.80
512.25 564.00
669.78 513.55
336.01 442.00
655.76 393.83
216.49 540.83
511.15 266.36
379.81 548.70
783.25 353.99
119.94 351.14
126.58 494.17
316.04 444.23
630.20 369.94
227.40 575.14
540.06 218.75
313.62 501.17
687.65 318.73
81.43 445.79
225.57 558.95
535.69 238.19
322.19 522.62
716.02 303.12
46.53 383.94
140.57 617.37
354.15 288.22
488.74 356.93
503.59 619.43
669.54 455.06
279.24 498.22
622.07 299.45
163.55 531.63
398.73 341.45
562.04 480.56
516.47 608.94
650.96 470.20
324.06 517.44
715.62 311.20
54.02 392.90
150.98 610.10
374.54 276.83
496.37 375.58
515.41 634.15
636.28 452.10
327.85 554.32
736.33 271.95
20.46 319.35
76.48 601.63
304.59 406.39
559.91 372.34
380.47 645.53
748.72 268.76
20.42 300.06
58.56 582.08
309.01 450.14
626.19 359.81
221.59 576.26
526.96 221.55
340.99 502.87
727.40 348.37
91.36 406.72
177.53 557.02
432.94 291.05
501.18 489.32
651.76 592.35
377.62 382.56
610.48 465.32
393.82 580.44
788.64 341.56
109.94 339.85
102.43 503.32
299.00 475.19
637.87 332.54
166.56 540.45
407.87 326.42
544.25 483.92
559.25 610.67
558.67 469.37
512.01 620.33
653.02 459.31
308.25 522.75
693.89 289.41
50.05 404.56
168.25 614.99
402.01 246.14
491.32 385.35
537.54 632.53
591.80 458.16
425.26 606.55
773.90 369.25
131.93 365.28
159.68 481.48
353.94 402.44
621.58 430.17
327.20 587.34
734.33 234.71
10.11 278.24
53.01 563.50
310.98 477.42
661.01 340.17
137.82 509.14
343.31 409.00
619.77 414.58
309.44 594.45
704.81 209.57
23.67 295.63
52.23 574.96
311.01 465.52
647.99 350.45
170.57 537.62
414.27 323.86
540.03 492.43
576.53 602.44
524.02 466.83
584.00 624.25
494.96 443.92
611.53 624.28
435.75 414.93
647.60 562.62
387.93 421.14
667.89 481.55
311.15 479.06
663.00 338.81
133.34 504.78
333.75 421.39
625.31 399.59
277.66 588.22
647.24 196.56
96.74 379.56
143.09 545.85
370.09 357.20
572.37 443.01
449.50 631.92
739.16 388.33
143.76 407.19
234.47 469.35
496.65 331.14
458.90 607.98
744.47 418.54
186.48 399.09
300.40 405.90
551.82 369.18
394.23 646.98
750.99 291.29
34.77 323.57
70.36 594.04
306.20 422.27
584.70 370.59
322.74 629.21
706.67 194.97
28.03 279.02
37.35 552.70
315.47 506.89
695.13 314.23
70.09 428.90
200.44 583.78
479.41 232.94
427.05 484.22
738.53 505.96
285.36 341.90
437.82 338.54
543.80 542.88
600.20 544.64
475.96 507.73
708.83 549.76
315.78 334.13
483.08 354.67
509.81 612.72
661.89 463.90
300.27 504.54
667.54 303.85
90.90 464.99
253.37 530.84
589.13 259.84
208.79 524.22
486.55 292.92
439.70 561.37
773.40 438.44
226.68 362.18
336.91 356.96
540.94 394.41
452.81 654.74
715.21 382.89
140.92 440.39
275.34 463.61
578.98 330.75
285.78 608.85
655.43 180.64
92.34 353.39
105.49 541.44
323.60 425.85
617.36 386.27
274.73 597.83
638.16 186.40
117.58 385.34
169.58 512.42
398.57 354.85
578.62 489.12
487.78 590.67
710.60 467.37
255.26 420.42
480.75 352.57
510.74 609.09
662.07 467.35
303.95 501.46
671.60 310.01
91.14 464.47
252.91 530.88
588.14 259.87
210.98 525.16
491.87 289.77
428.55 562.63
781.32 419.45
207.68 363.77
296.88 373.22
500.06 362.17
490.85 631.41
683.49 437.39
240.18 485.03
525.91 314.22
384.83 607.62
777.61 300.34
57.11 308.67
47.49 555.24
311.53 493.36
677.51 325.07
99.04 468.85
263.04 514.54
600.71 278.30
192.46 534.33
456.58 298.58
485.59 532.67
709.20 530.78
308.70 356.08
498.23 363.30
495.62 630.62
675.93 441.85
254.56 495.56
567.56 299.66
280.82 586.10
654.15 199.78
84.22 371.23
124.72 562.98
348.05 368.10
568.34 414.92
420.73 645.06
748.65 336.80
78.08 370.58
121.58 572.03
344.43 363.23
557.97 407.67
433.83 651.00
735.62 355.71
99.76 399.83
173.45 543.73
421.92 312.45
525.61 494.30
608.74 598.91
455.48 438.75
661.61 583.25
364.96 375.46
593.22 442.95
403.21 614.97
775.89 325.50
79.86 334.83
77.11 547.79
309.22 463.32
642.47 350.60
180.07 546.49
435.67 299.96
506.25 503.45
654.71 580.76
375.74 389.54
619.25 463.54
373.96 570.52
782.92 319.22
79.40 324.28
65.27 539.50
304.65 489.95
662.72 322.66
115.71 491.68
301.30 465.27
631.00 342.63
190.91 558.58
460.20 271.80
463.49 506.93
725.14 535.74
304.50 325.85
455.09 337.60
526.46 567.50
641.35 514.80
380.44 487.26
745.11 424.72
195.06 396.53
314.65 395.36
561.30 381.35
389.70 647.73
749.53 283.33
28.83 316.19
66.66 592.31
306.36 429.10
594.26 368.40
298.80 619.46
673.89 179.96
67.10 321.89
60.23 555.01
308.95 478.26
658.52 337.59
138.45 511.33
345.80 405.48
617.60 418.34
318.97 596.53
719.40 216.72
14.55 280.04
49.53 563.23
311.84 481.81
666.96 336.86
125.57 496.62
316.95 443.38
630.53 371.32
228.64 575.20
542.83 217.91
307.75 500.14
677.06 314.55
88.77 459.73
