800 800
216.73 143.00
173.00 166.79
228.38 221.20
247.06 150.43
190.63 143.58
166.24 200.64
143.18 163.86
217.99 205.39
166.45 210.71
237.13 140.78
236.70 223.78
180.83 158.66
254.87 180.39
151.13 151.61
241.70 212.45
236.86 227.57
204.35 256.77
185.42 206.24
239.53 214.22
243.40 209.28
224.55 145.50
167.35 174.73
149.58 167.93
152.12 173.36
216.28 183.78
184.42 165.14
172.04 252.40
217.76 213.10
160.54 227.50
159.61 185.53
258.74 216.80
206.83 222.15
241.14 233.12
167.49 143.85
177.85 172.13
165.32 253.15
245.16 177.76
218.65 187.48
249.75 195.06
171.79 169.60
607.36 571.53
610.15 647.74
587.93 566.32
659.70 601.14
550.91 545.65
553.16 615.29
635.05 590.66
547.62 585.79
659.53 603.49
656.53 643.29
541.38 626.49
621.81 604.44
572.02 616.92
553.39 592.17
594.45 654.46
645.10 571.61
600.07 561.44
649.52 644.46
575.81 616.67
613.08 558.34
631.50 604.73
633.44 603.64
540.07 578.90
542.34 651.49
645.45 639.80
576.90 546.95
645.36 653.63
550.28 598.32
548.31 631.27
631.90 555.41
597.03 605.98
571.81 644.69
590.78 565.42
604.72 627.59
564.14 577.41
659.42 617.99
592.57 602.11
554.52 566.96
580.57 610.60
567.61 566.43
