1000 1000
50.0000 792.2121
107.5732 631.4625
121.1288 328.2267
133.4659 430.8958
148.5446 300.0914
211.1440 347.4772
218.1503 302.3949
276.4850 270.4754
280.4451 260.4388
288.3652 819.0311
300.8546 110.8775
314.2579 149.7075
323.8535 346.3254
328.4228 789.9086
334.3628 354.2231
360.2555 179.6527
367.8710 171.7550
374.2681 172.9068
377.0097 171.7550
426.6627 446.1974
440.5229 950.0000
459.8663 370.5119
470.3757 466.7642
478.6005 329.0494
499.1623 453.9305
512.4132 461.6636
576.0789 88.5009
581.5621 245.1371
628.3212 737.0932
678.2789 570.0914
753.6723 50.0000
760.8309 596.2523
791.4452 167.9708
795.5576 148.5558
800.7362 431.5539
808.3517 62.3401
827.5428 322.4680
950.0000 276.3986
