800 800
203.29 150.45
205.64 200.03
191.61 203.58
254.54 190.54
173.75 213.64
207.77 130.35
194.18 272.11
220.44 146.83
200.90 221.84
214.08 273.08
220.86 215.66
149.30 151.58
181.82 206.90
235.38 203.76
252.56 227.89
197.63 169.42
202.06 177.51
179.41 130.83
230.78 185.40
225.67 199.41
152.74 189.57
254.86 243.02
203.61 177.36
204.86 197.53
163.77 202.26
268.56 240.62
198.54 199.39
232.94 161.41
211.43 189.69
153.69 175.02
200.48 198.51
191.38 184.83
279.21 206.34
231.85 187.06
212.04 180.46
176.16 138.98
178.04 123.21
204.57 192.98
154.60 239.44
199.08 207.65
199.95 242.11
243.00 266.19
215.64 215.37
228.32 147.24
184.45 212.68
141.91 159.05
217.40 199.65
178.55 257.71
164.17 199.98
150.88 212.79
194.31 210.48
189.70 199.84
160.63 170.68
194.70 198.06
143.94 172.35
205.96 173.65
208.61 169.22
200.72 200.44
231.69 218.38
214.25 193.64
181.28 259.25
198.93 190.90
226.28 250.18
171.95 165.59
205.44 204.59
201.05 198.29
187.90 220.52
197.96 197.24
180.69 194.75
183.84 222.81
198.44 203.07
268.42 174.50
243.28 141.07
155.02 153.25
190.44 152.56
138.91 153.39
193.99 155.82
133.93 185.71
198.71 198.99
219.05 219.86
196.42 199.22
128.63 172.74
231.04 259.06
225.28 192.70
191.96 145.49
188.34 179.43
208.70 226.04
205.69 211.25
194.27 204.68
133.33 180.72
181.22 176.85
195.85 273.66
273.00 191.61
225.96 210.87
247.59 173.47
188.59 227.11
213.47 213.34
187.01 251.52
137.52 240.86
194.86 191.06
653.88 257.12
559.03 134.09
657.85 179.37
557.21 190.42
590.33 206.03
595.81 243.99
574.10 223.15
562.12 255.28
609.67 271.04
547.90 200.07
604.44 176.29
655.28 256.59
658.74 227.59
627.37 192.41
669.23 165.81
598.28 171.63
671.82 230.88
589.35 134.60
528.93 222.58
603.88 148.69
592.12 161.06
616.65 204.80
617.54 198.37
626.34 177.69
667.25 161.23
589.47 242.66
606.16 151.69
656.58 211.76
604.43 200.92
584.37 212.37
601.81 170.34
586.95 259.73
621.59 182.34
654.20 211.01
611.74 176.39
613.03 240.88
585.24 170.27
599.64 214.20
548.40 243.15
632.93 197.85
574.80 272.38
600.00 200.01
576.99 125.43
615.29 189.51
583.47 131.81
598.60 199.75
599.35 217.78
574.41 218.32
550.13 250.16
607.41 211.01
593.59 236.54
553.98 151.10
625.80 252.53
583.50 157.76
596.89 202.29
630.50 243.89
618.11 274.39
596.40 191.30
611.43 122.00
579.85 237.49
615.85 206.79
587.63 187.05
619.74 198.57
600.44 212.53
631.24 190.68
610.91 225.01
649.69 229.88
608.15 236.76
527.83 229.78
638.92 188.98
652.13 197.54
623.82 175.33
594.13 234.27
544.96 146.34
589.58 195.20
636.35 241.66
563.69 213.33
594.31 186.48
567.87 177.93
567.79 171.73
538.00 206.30
663.11 155.54
626.30 225.11
571.27 226.65
572.02 265.36
601.61 204.51
650.67 248.63
534.22 231.13
601.25 156.74
652.64 245.23
617.67 243.66
610.24 124.32
588.49 216.73
675.39 179.72
659.53 214.88
586.00 189.37
583.56 198.23
599.50 200.12
618.08 166.46
622.46 183.72
419.39 602.13
417.93 631.39
433.41 531.29
417.02 672.92
460.04 564.04
408.96 579.27
411.52 627.16
372.66 646.71
385.16 580.97
451.65 604.74
397.76 599.49
405.61 604.53
471.39 577.80
450.51 573.72
449.39 575.35
399.80 600.20
384.48 624.77
390.83 619.52
456.51 581.39
343.13 646.98
405.81 647.89
420.98 586.97
436.69 622.58
409.35 562.61
441.65 635.10
386.61 628.07
400.49 617.66
336.71 577.97
348.85 638.86
467.29 603.06
409.94 625.42
398.00 578.61
410.30 590.07
432.90 567.37
401.70 600.69
402.63 599.79
434.93 613.76
386.02 618.27
391.77 619.01
400.19 619.13
426.18 622.51
416.84 555.20
390.83 589.32
377.67 650.12
419.65 623.67
448.82 593.28
413.68 660.61
365.81 597.94
421.87 594.86
333.71 623.25
400.30 581.87
390.92 559.52
468.86 587.57
417.43 660.32
391.08 556.61
413.95 599.05
412.62 582.26
401.01 600.61
401.07 600.66
405.24 602.84
450.80 572.30
426.53 542.01
428.61 655.39
429.50 608.96
404.79 613.55
432.84 582.84
389.39 573.70
381.43 649.37
400.72 603.34
384.03 598.47
385.37 579.37
437.60 631.39
340.49 634.53
416.53 603.55
428.16 626.17
417.98 657.49
387.75 606.13
405.22 596.67
459.92 633.11
409.66 583.21
340.11 586.32
349.56 619.72
364.41 566.82
458.60 589.52
428.44 630.25
460.83 590.02
439.32 582.64
400.26 539.84
350.59 560.22
405.75 606.53
356.54 545.81
401.25 613.65
449.37 649.59
403.08 553.26
423.16 602.40
385.34 572.90
342.74 559.28
401.86 605.46
399.47 640.73
405.99 608.76
