1000 1000
130.8093 719.5793
130.8093 719.5793
397.1677 248.3819
234.1618 177.5082
469.3064 469.0938
509.1907 924.4337
420.7515 238.6732
369.0752 79.4499
140.5202 281.3916
369.0752 79.4499
244.5665 378.4790
140.5202 281.3916
100.6359 239.3204
789.7687 744.4984
682.9480 778.1553
789.7687 744.4984
253.2370 491.4240
286.1850 592.0712
684.3353 729.6117
709.3064 651.2945
709.3064 651.2945
898.6705 622.4919
286.1850 592.0712
684.3353 729.6117
646.5318 468.4466
535.8960 514.4013
150.5781 625.0809
411.0405 417.3139
373.2370 417.3139
112.7746 797.2492
789.7687 744.4984
917.3989 588.1878
917.3989 588.1878
494.6242 547.7346
583.4105 571.3592
128.7284 251.6182
146.4163 319.2557
894.5086 562.9450
182.1388 514.4013
253.2370 491.4240
223.7573 475.5664
556.7052 397.8964
556.7052 397.8964
677.7456 505.6634
149.8844 416.3431
515.0867 204.3689
853.5837 713.1068
677.7456 505.6634
689.1908 717.9612
771.0404 662.6214
337.8613 197.8965
494.2775 359.0615
494.2775 359.0615
253.2370 491.4240
653.4682 899.8383
361.0983 67.4757
541.4450 539.6440
473.4682 805.6634
653.4682 899.8383
296.5896 490.4531
631.6185 448.0583
167.5723 315.3722
459.5954 316.3430
494.2775 300.8091
704.7977 502.7508
704.7977 502.7508
519.2486 759.3851
477.2833 650.3237
642.0231 406.9579
112.7746 797.2492
435.6647 671.0357
817.5145 595.9547
725.2601 480.7443
874.3930 650.0000
259.4798 326.3754
370.8093 638.3495
370.8093 638.3495
803.6415 786.5696
874.3930 650.0000
780.7514 792.3948
803.6415 786.5696
187.3410 323.4628
673.5838 812.4596
619.1330 902.7509
619.1330 902.7509
591.3872 459.7088
348.6127 145.4693
68.7283 601.1327
661.4451 887.8641
595.2023 436.7315
612.5434 655.5016
176.2427 392.0712
602.1388 906.6343
602.1388 906.6343
249.4220 564.8868
682.2543 454.8544
682.2543 454.8544
821.6763 699.1909
319.8266 505.9871
343.7572 743.2039
487.6879 93.0421
300.4047 744.4984
556.7052 397.8964
144.3353 616.0195
510.9249 450.0001
494.2775 805.6634
177.2833 225.7282
200.5203 688.8350
679.4798 852.2654
679.4798 852.2654
130.8093 719.5793
350.0000 688.5114
258.7862 528.6409
350.0000 688.5114
736.3584 619.2557
350.0000 688.5114
258.7862 528.6409
276.1271 371.3593
745.7226 709.8706
539.7110 432.2007
369.4220 494.9839
511.6186 819.9030
511.6186 819.9030
377.0521 734.7897
113.4683 234.4661
113.4683 234.4661
406.1850 683.0098
369.4220 397.8964
249.4220 337.3787
470.6937 464.8867
231.0404 348.7055
201.9075 701.1327
403.7573 451.2946
372.1966 542.8803
327.8034 708.5761
950.0000 620.8738
639.5954 576.2136
711.3873 816.3431
196.7052 581.7152
196.7052 581.7152
711.3873 816.3431
369.4220 494.9839
736.0116 822.4920
106.8787 635.4369
511.6186 535.4369
211.2717 282.0389
211.2717 282.0389
63.5261 224.1101
442.2543 230.2589
590.3468 598.2201
463.7572 678.4790
478.6706 354.5308
158.9018 733.1715
847.3410 653.2363
158.9018 733.1715
240.4046 395.3075
342.7168 801.1327
382.6011 666.1812
342.7168 801.1327
823.0636 678.8026
50.0000 611.8123
50.0000 611.8123
668.0346 738.0259
456.8209 538.3496
470.6937 62.9450
456.8209 538.3496
301.7919 297.5728
338.5549 647.7347
466.5317 858.0906
466.5317 858.0906
301.7919 297.5728
557.0520 914.4014
557.0520 914.4014
516.8208 950.0000
252.1966 524.7573
400.6359 516.9904
159.9422 280.7444
156.8209 817.6376
159.9422 280.7444
151.6185 475.5664
183.5261 318.2848
183.5261 318.2848
192.1965 609.8706
183.5261 318.2848
768.9596 497.5729
792.8901 552.9127
137.7457 828.3172
326.7630 313.4304
338.5549 647.7347
448.1503 725.7282
156.8209 835.7606
413.1214 699.8382
391.2717 278.1554
619.4797 636.4078
536.2428 765.2104
823.0636 678.8026
795.3179 606.6343
406.8787 347.0874
155.0867 222.8156
84.6821 240.6149
559.1329 338.3495
470.0000 704.0453
440.5202 734.1424
430.4625 777.5082
430.4625 777.5082
430.4625 777.5082
673.5838 812.4596
140.5202 281.3916
176.9364 639.9677
410.6936 553.5598
410.6936 553.5598
176.9364 639.9677
294.8555 378.1554
294.8555 378.1554
511.9653 830.9062
674.2774 483.6569
244.5665 456.1489
370.4624 510.1942
370.4624 510.1942
475.5492 721.1974
315.3179 183.3334
315.3179 183.3334
144.3353 616.0195
673.5838 812.4596
462.3699 726.3755
436.3584 523.1391
436.3584 523.1391
160.6358 650.0000
716.2427 635.1132
739.1330 543.8511
619.1330 650.3237
619.1330 650.3237
244.5665 494.9839
619.1330 650.3237
436.3584 523.1391
448.1503 872.3302
171.7341 789.4822
171.7341 789.4822
488.0347 923.1392
129.4219 499.1910
857.0520 641.2621
447.1098 136.0842
453.3526 761.6506
295.2023 650.0000
309.0751 265.5340
318.7861 282.6861
244.5665 339.6440
219.2486 347.4110
743.9885 812.4596
660.7514 572.6537
515.0867 533.8188
386.4162 832.2007
515.0867 630.9061
115.8960 771.3593
195.6648 754.2072
445.3757 474.9191
533.4683 608.8997
732.1965 479.4498
282.0232 183.6569
434.2774 860.0324
918.7861 675.2428
290.6936 369.4175
650.0000 786.8932
317.7457 639.9677
457.1676 446.7638
459.9422 816.0194
110.3469 584.9515
697.8612 754.2072
401.3295 736.4078
657.6300 674.5955
350.6937 747.7346
684.6821 739.9676
737.7457 832.5243
639.9421 572.6537
515.0867 533.8188
417.6301 752.5890
515.0867 630.9061
143.9885 774.9191
183.1792 754.8544
542.8324 595.3075
262.9480 180.0971
421.4451 851.9418
905.2600 669.0939
577.5144 417.3139
283.0636 347.4110
570.2312 781.7153
823.7573 741.5857
598.3237 708.5761
348.6127 766.8285
244.5665 378.4790
182.1388 727.9936
248.0346 370.7120
244.2197 467.7993
253.2370 491.4240
759.2485 572.6537
542.8324 595.3075
459.9422 816.0194
658.6705 499.5146
260.1735 338.6732
765.1445 605.3398
340.9827 135.1133
454.3930 288.1878
323.9885 498.8673
263.2949 511.4887
323.9885 498.8673
205.3758 352.5890
390.2312 397.8964
348.6127 514.4013
396.4740 67.7994
409.6532 526.6991
140.1735 663.9159
105.1445 322.8156
140.1735 663.9159
406.1850 108.5761
558.0925 371.3593
433.5839 514.4013
396.4740 67.7994
556.7052 844.4984
556.7052 844.4984
496.7052 626.6990
496.7052 626.6990
496.7052 626.6990
598.3237 543.2040
425.6070 430.2589
515.7804 641.5858
515.7804 641.5858
343.7572 89.4822
666.6474 525.7282
563.2947 682.3625
666.6474 525.7282
563.2947 682.3625
409.6532 526.6991
227.9191 538.9967
676.3584 671.6828
676.3584 671.6828
676.3584 671.6828
494.2775 805.6634
676.3584 671.6828
287.2254 296.6020
337.5145 581.3916
189.7688 360.6797
475.8959 395.9548
774.1618 629.9353
627.4566 799.1910
774.1618 629.9353
627.4566 799.1910
223.7573 359.0615
577.5144 766.8285
869.8844 658.7379
636.8208 606.9580
598.3237 406.6343
557.0520 914.4014
666.6474 525.7282
789.7687 578.1554
361.0983 578.4790
787.6879 563.2687
352.0810 153.5599
258.0925 623.1392
473.4682 805.6634
420.7515 238.6732
369.4220 436.7315
460.2890 837.0551
460.2890 837.0551
350.6937 747.7346
486.6475 745.1457
390.2312 494.9839
309.0751 265.5340
348.6127 669.7412
448.1503 725.7282
119.7111 456.1489
577.5144 378.4790
411.0405 825.0809
348.6127 320.2266
182.1388 727.9936
431.8498 126.0518
501.2138 818.2849
119.7111 825.0809
515.0867 436.7315
293.1215 144.1748
293.1215 144.1748
238.3238 498.8673
238.3238 498.8673
610.1155 777.5082
798.0925 717.9612
547.6878 823.7864
547.6878 823.7864
342.0231 484.3042
342.0231 484.3042
596.9364 411.1650
136.7053 510.1942
621.5607 549.3527
368.3815 494.6602
181.0983 782.3624
249.7688 508.5760
172.4278 672.9773
878.5548 522.1683
610.8092 793.0421
398.2081 817.3139
184.2196 574.2718
238.3238 498.8673
810.5780 675.8899
222.0231 221.5210
702.7167 633.4952
472.7745 550.0000
702.7167 633.4952
368.7283 141.9094
923.9884 523.4628
473.4682 533.8188
460.9827 197.8965
871.9653 553.2363
130.1156 839.6440
444.6820 392.7185
471.7341 842.2330
460.2890 837.0551
628.8439 498.5437
249.7688 508.5760
156.8209 817.6376
156.8209 817.6376
119.7111 825.0809
219.5954 794.9839
219.5954 794.9839
561.5607 763.2686
463.4104 495.6311
350.6937 747.7346
350.6937 747.7346
143.2949 479.1263
311.1561 708.5761
304.2196 565.2103
691.6185 587.2168
520.9827 836.4078
311.1561 708.5761
383.9884 405.3398
175.2023 519.5793
809.8843 568.1230
809.8843 568.1230
411.3873 293.6894
400.9826 628.6408
739.8265 691.4240
400.9826 628.6408
791.5028 613.7541
139.4798 236.4078
747.4566 687.5404
281.6763 747.7346
253.5839 476.2137
602.4855 493.0421
317.0520 276.8608
341.6763 569.4176
599.3641 606.9580
309.0751 608.5761
85.3758 604.0454
664.2197 627.0227
625.0289 763.2686
397.8612 684.6278
556.7052 378.4790
266.7630 235.7606
279.9422 661.0033
279.2485 668.4467
446.4161 772.6537
851.5029 518.6084
262.9480 746.1165
357.6300 355.5016
577.5144 417.3139
369.4220 223.1391
369.4220 223.1391
494.2775 708.5761
203.9885 448.0583
66.9942 557.7671
661.4451 887.8641
661.4451 887.8641
600.4047 784.6279
538.3236 493.3657
345.4913 420.2266
223.4104 198.5437
393.6994 768.4466
843.1791 581.3916
344.4509 496.9256
120.0578 574.5955
928.8439 632.8479
950.0000 620.8738
928.8439 632.8479
889.6531 572.6537
376.7052 758.4143
660.7514 883.3334
485.9538 805.6634
287.2254 376.5372
485.9538 805.6634
287.2254 376.5372
745.3757 541.5858
646.5318 468.4466
646.5318 468.4466
689.5376 543.5275
657.2832 555.1780
486.6475 745.1457
486.6475 745.1457
486.6475 745.1457
827.2254 650.3237
704.4508 564.8868
244.2197 661.6505
482.4855 893.0421
482.4855 893.0421
226.8786 505.6634
877.5144 592.7185
364.9134 591.1004
657.2832 555.1780
264.3353 393.0421
847.6878 739.6441
578.2081 349.6763
182.1388 727.9936
264.3353 393.0421
334.3931 749.6764
232.7746 729.2881
443.9885 50.0000
564.6821 730.5826
183.8729 473.9482
411.3873 267.4758
564.6821 730.5826
400.6359 151.9417
391.6185 258.7379
289.6532 485.5987
332.6589 483.0097
107.2255 474.9191
544.9133 789.4822
661.4451 887.8641
544.9133 789.4822
309.4220 484.6279
780.7514 761.9741
309.4220 484.6279
843.1791 547.7346
602.8323 694.3366
584.4509 674.9191
426.6474 369.0939
327.8034 727.9936
660.7514 572.6537
515.0867 630.9061
504.6821 940.2913
533.4683 608.8997
434.2774 860.0324
195.6648 754.2072
918.7861 675.2428
124.9133 432.8479
159.5954 406.6343
637.5145 894.9838
232.4277 453.8835
780.7514 761.9741
489.0751 321.1974
544.9133 789.4822
285.4913 729.9353
333.3526 224.4336
182.1388 727.9936
564.6821 730.5826
858.0925 739.6441
598.3237 766.8285
517.1676 264.2395
244.5665 494.9839
703.7572 798.8673
703.7572 798.8673
508.1503 688.5114
573.6994 391.7477
426.6474 610.8414
827.2254 580.4207
315.3179 183.3334
317.0520 135.4370
426.6474 610.8414
426.6474 610.8414
265.3757 417.3139
265.3757 417.3139
539.7110 748.3819
539.7110 748.3819
513.3525 541.9094
203.6417 231.8770
360.7514 663.9159
391.9653 315.6958
262.2543 776.8609
262.2543 776.8609
644.4508 531.8770
299.0174 671.6828
247.6879 237.3787
381.5607 514.0777
625.3758 687.2169
625.3758 687.2169
334.7399 361.0033
299.0174 671.6828
299.0174 671.6828
625.3758 687.2169
501.2138 818.2849
909.4220 634.7897
909.4220 634.7897
310.8092 690.7767
626.4162 587.2168
384.6821 380.0972
909.4220 634.7897
401.3295 91.1003
401.3295 91.1003
432.5433 69.0939
445.7226 68.4467
432.5433 69.0939
557.0520 437.7023
422.4856 198.5437
411.0405 650.3237
205.7226 506.9579
244.5665 705.6635
223.7573 456.1489
342.7168 801.1327
857.0520 641.2621
306.9943 164.8867
306.9943 164.8867
117.6301 427.0226
494.2775 805.6634
617.7457 421.8447
950.0000 620.8738
646.5318 468.4466
602.8323 694.3366
491.1561 796.2784
527.2255 412.4595
135.6647 637.7023
597.2833 868.4466
518.5549 895.9547
300.7515 250.0000
518.5549 895.9547
518.5549 895.9547
518.5549 895.9547
817.1676 570.0647
817.1676 570.0647
398.2081 432.2007
342.7168 801.1327
422.4856 602.4272
228.2659 765.8577
253.5839 414.0777
139.4798 361.0033
542.8324 595.3075
112.7746 797.2492
286.1850 592.0712
411.0405 417.3139
112.7746 797.2492
494.2775 514.4013
472.7745 550.0000
137.7457 828.3172
140.5202 281.3916
556.7052 844.4984
557.0520 914.4014
547.6878 823.7864
266.7630 235.7606
577.5144 456.1489
265.3757 417.3139
639.9421 883.3334
306.9943 164.8867
527.2255 412.4595
639.9421 883.3334
910.4624 592.0712
112.7746 797.2492
108.2659 315.3722
244.5665 397.8964
137.7457 828.3172
177.2833 471.0356
739.1330 543.8511
123.5260 559.0616
444.6820 392.7185
639.9421 397.8964
441.2139 702.1035
532.7746 528.9644
532.7746 528.9644
447.1098 514.4013
801.5607 646.1165
362.8324 288.5113
720.4046 709.8706
362.8324 288.5113
612.5434 724.4337
93.6994 672.9773
661.4451 887.8641
502.2544 780.4208
580.9826 724.1100
612.5434 724.4337
93.6994 672.9773
612.5434 724.4337
191.8497 329.2880
554.2774 516.6667
154.3930 268.7703
695.7804 710.1942
554.2774 516.6667
154.3930 268.7703
695.7804 710.1942
430.8092 391.7477
318.0926 362.2978
111.7342 716.0195
510.2312 390.7767
528.9595 359.3852
722.4855 658.7379
223.4104 198.5437
840.0578 700.8090
840.0578 700.8090
82.6011 310.5178
379.4798 746.1165
105.4914 281.7152
379.4798 746.1165
105.4914 281.7152
446.4161 772.6537
446.4161 772.6537
123.8729 302.7509
428.3815 816.6667
331.9654 434.4660
330.5781 791.7476
259.8266 496.6020
370.4624 708.5761
223.4104 198.5437
840.0578 700.8090
840.0578 700.8090
129.0752 689.8059
159.9422 630.5826
480.4047 158.4143
74.6244 548.3819
74.6244 548.3819
890.0000 627.9935
890.0000 627.9935
890.0000 627.9935
245.2601 191.4240
745.3757 643.2039
772.0809 557.4434
772.0809 557.4434
768.2659 567.1521
800.8670 701.7800
800.8670 701.7800
685.7225 839.9677
260.8670 488.1877
800.8670 701.7800
624.6821 605.6635
209.1907 669.7412
540.4046 278.4790
540.4046 278.4790
381.2139 835.4369
129.0752 776.8609
129.0752 776.8609
624.6821 605.6635
558.0925 468.7703
381.2139 835.4369
445.3757 100.1619
689.5376 543.5275
741.9075 778.8026
624.6821 605.6635
547.3411 695.3075
805.0289 692.3948
840.0578 700.8090
108.2659 315.3722
149.8844 347.7347
226.5318 710.5179
642.3700 678.4790
463.4104 495.6311
795.3179 769.0938
143.2949 479.1263
201.2138 386.2459
691.6185 587.2168
439.8267 256.1489
434.2774 860.0324
421.4451 851.9418
486.3006 537.0551
425.9537 296.9256
425.9537 296.9256
791.5028 613.7541
791.5028 613.7541
219.5954 794.9839
237.9769 491.7476
556.7052 436.7315
556.7052 436.7315
556.7052 436.7315
857.0520 641.2621
449.8844 331.5534
425.6070 430.2589
639.9421 397.8964
245.2601 191.4240
507.1098 543.8511
639.9421 397.8964
210.5780 525.7282
279.9422 661.0033
279.2485 668.4467
232.4277 270.7120
380.5203 691.7477
421.0983 92.7185
507.4566 725.0810
412.0809 640.6150
610.8092 572.0065
80.5203 273.9482
599.3641 815.0486
577.1677 535.1133
87.8035 542.5567
640.6358 717.9612
89.8845 569.4176
296.5896 225.4046
700.2890 759.7088
547.6878 823.7864
378.0925 251.2945
378.0925 251.2945
378.0925 251.2945
393.6994 623.4628
539.7110 432.2007
296.5896 554.5308
437.0520 295.9547
356.9365 253.5598
437.0520 295.9547
878.2081 576.2136
542.8324 762.6214
613.9306 487.2169
294.5087 592.3949
749.8844 753.5599
827.9191 659.0615
442.6012 632.2006
442.6012 632.2006
390.2312 494.9839
166.1850 266.8285
421.0983 92.7185
610.8092 572.0065
345.8382 394.3366
599.3641 815.0486
350.3468 628.3172
583.0636 864.2395
370.8093 236.7314
370.8093 236.7314
416.2428 51.6181
216.8208 475.5664
602.8323 780.7443
537.9769 891.1004
602.8323 780.7443
796.0115 572.9774
690.9249 832.2007
327.4567 485.2751
442.6012 632.2006
625.7225 825.7282
625.7225 825.7282
442.6012 632.2006
781.0983 727.0226
781.0983 727.0226
781.0983 727.0226
627.4566 653.2363
738.4393 588.8350
738.4393 588.8350
738.4393 588.8350
627.4566 653.2363
396.4740 338.9968
345.1445 451.6181
870.5781 674.5955
352.0810 213.7541
673.5838 426.3755
154.3930 489.8058
673.5838 426.3755
457.8613 569.4176
827.2254 650.3237
507.1098 543.8511
244.5665 397.8964
244.5665 397.8964
244.5665 397.8964
154.3930 489.8058
871.6185 605.3398
545.2601 854.2071
422.4856 371.0357
537.9769 891.1004
548.7283 314.7249
256.7052 257.7671
327.8034 242.5567
569.1908 396.2783
122.1387 530.5825
619.8266 384.9515
467.5723 718.9321
193.5838 669.0939
193.5838 669.0939
237.6301 592.0712
403.4104 516.3431
663.5260 817.9612
421.4451 514.0777
320.8671 231.5535
130.1156 601.1327
490.4624 546.4401
431.8498 805.6634
320.8671 231.5535
527.9191 338.0259
294.8555 501.7800
490.4624 242.2330
149.1908 499.8382
149.1908 499.8382
382.6011 191.4240
114.8556 732.5243
111.7342 716.0195
114.8556 732.5243
929.8844 546.7638
377.7456 297.8965
285.1446 500.8091
518.2080 310.5178
386.7631 781.7153
406.1850 226.6991
133.9307 238.0259
518.2080 310.5178
625.7225 825.7282
583.0636 864.2395
588.2658 457.7670
515.0867 630.9061
421.4451 851.9418
596.2427 859.7087
577.5144 766.8285
183.1792 754.8544
905.2600 669.0939
780.7514 792.3948
309.0751 265.5340
119.7111 825.0809
739.1330 543.8511
598.3237 592.0712
844.5664 681.7152
598.3237 592.0712
164.7977 282.3625
127.3411 388.5114
550.1156 832.2007
351.7341 599.8383
419.0174 462.9450
431.8498 805.6634
180.0578 459.7088
112.0810 350.6473
403.7573 267.7994
403.7573 267.7994
368.0347 397.8964
348.6127 669.7412
687.1098 638.9968
768.9596 800.8091
137.7457 828.3172
254.2774 159.0615
140.5202 766.8285
140.8671 556.1489
66.9942 557.7671
112.7746 797.2492
115.8960 771.3593
137.7457 828.3172
143.9885 774.9191
176.9364 639.9677
193.5838 669.0939
196.7052 581.7152
210.5780 525.7282
294.5087 592.3949
343.7572 743.2039
350.6937 747.7346
400.9826 628.6408
422.4856 602.4272
471.7341 842.2330
472.7745 550.0000
79.8266 536.4078
137.3988 236.7314
180.0578 459.7088
211.2717 282.0389
248.0346 370.7120
264.3353 393.0421
260.1735 338.6732
317.0520 276.8608
369.0752 79.4499
422.4856 371.0357
420.7515 238.6732
422.4856 198.5437
454.3930 288.1878
469.3064 469.0938
460.9827 197.8965
516.8208 950.0000
538.3236 493.3657
547.6878 823.7864
557.0520 914.4014
597.2833 868.4466
599.3641 815.0486
602.8323 694.3366
602.4855 493.0421
627.1099 791.7476
690.9249 832.2007
700.2890 759.7088
739.1330 543.8511
774.1618 629.9353
772.0809 557.4434
780.7514 792.3948
781.0983 727.0226
800.8670 701.7800
805.0289 692.3948
823.7573 741.5857
840.0578 700.8090
917.3989 588.1878
950.0000 620.8738
858.0925 739.6441
573.6994 391.7477
591.3872 459.7088
631.6185 448.0583
646.5318 468.4466
