800 800
500.00 400.00
498.77 415.64
495.11 430.90
489.10 445.40
480.90 458.78
470.71 470.71
458.78 480.90
445.40 489.10
430.90 495.11
415.64 498.77
400.00 500.00
384.36 498.77
369.10 495.11
354.60 489.10
341.22 480.90
329.29 470.71
319.10 458.78
310.90 445.40
304.89 430.90
301.23 415.64
300.00 400.00
301.23 384.36
304.89 369.10
310.90 354.60
319.10 341.22
329.29 329.29
341.22 319.10
354.60 310.90
369.10 304.89
384.36 301.23
400.00 300.00
415.64 301.23
430.90 304.89
445.40 310.90
458.78 319.10
470.71 329.29
480.90 341.22
489.10 354.60
495.11 369.10
498.77 384.36
600.00 400.00
597.54 431.29
590.21 461.80
578.20 490.80
561.80 517.56
541.42 541.42
517.56 561.80
490.80 578.20
461.80 590.21
431.29 597.54
400.00 600.00
368.71 597.54
338.20 590.21
309.20 578.20
282.44 561.80
258.58 541.42
238.20 517.56
221.80 490.80
209.79 461.80
202.46 431.29
200.00 400.00
202.46 368.71
209.79 338.20
221.80 309.20
238.20 282.44
258.58 258.58
282.44 238.20
309.20 221.80
338.20 209.79
368.71 202.46
400.00 200.00
431.29 202.46
461.80 209.79
490.80 221.80
517.56 238.20
541.42 258.58
561.80 282.44
578.20 309.20
590.21 338.20
597.54 368.71
700.00 400.00
696.31 446.93
685.32 492.71
667.30 536.20
642.71 576.34
612.13 612.13
576.34 642.71
536.20 667.30
492.71 685.32
446.93 696.31
400.00 700.00
353.07 696.31
307.29 685.32
263.80 667.30
223.66 642.71
187.87 612.13
157.29 576.34
132.70 536.20
114.68 492.71
103.69 446.93
100.00 400.00
103.69 353.07
114.68 307.29
132.70 263.80
157.29 223.66
187.87 187.87
223.66 157.29
263.80 132.70
307.29 114.68
353.07 103.69
400.00 100.00
446.93 103.69
492.71 114.68
536.20 132.70
576.34 157.29
612.13 187.87
642.71 223.66
667.30 263.80
685.32 307.29
696.31 353.07
