800 800
332.78 190.05
175.16 223.90
581.91 225.81
318.15 529.02
427.04 706.86
392.49 345.15
479.25 201.68
681.40 311.79
321.68 527.66
156.59 512.40
644.98 287.16
712.80 420.10
592.13 378.33
331.84 238.58
55.33 192.64
742.70 424.02
373.46 680.17
473.86 733.70
300.27 201.08
694.53 162.57
604.29 466.79
738.02 710.74
512.21 75.94
66.31 381.61
623.77 106.81
347.79 110.21
266.86 53.97
280.79 416.38
190.56 601.05
88.78 198.00
230.30 332.85
584.66 297.67
536.50 695.54
141.65 654.75
469.77 573.05
475.62 335.81
117.54 150.56
171.89 174.35
151.86 195.31
442.68 589.40
608.58 642.29
132.05 625.64
180.17 100.67
251.40 459.98
83.37 201.43
329.37 625.66
329.59 339.85
309.68 114.87
665.70 696.13
555.16 329.01
360.78 267.99
508.03 507.35
267.46 661.96
554.51 203.02
616.49 522.01
224.80 257.46
576.05 106.09
356.47 724.66
229.35 402.21
685.04 662.22
601.74 423.27
700.88 229.79
667.11 336.53
510.75 477.70
247.60 524.77
472.99 741.10
516.75 358.04
315.88 671.24
291.77 516.94
536.04 725.25
185.29 515.51
170.16 498.05
510.02 570.11
656.39 211.87
652.35 291.88
329.93 128.63
422.22 50.90
267.37 520.61
573.28 167.15
599.41 360.88
193.71 574.00
567.25 377.62
421.72 483.86
492.19 585.53
588.26 190.20
64.43 123.61
265.25 456.36
722.80 341.74
308.46 440.06
713.82 461.61
256.62 579.66
744.27 605.53
328.91 170.58
372.58 139.93
141.46 362.58
645.16 541.29
342.71 718.03
175.18 225.12
241.50 450.86
672.83 317.86
628.67 705.86
385.42 675.05
672.49 383.45
168.64 102.32
217.70 371.91
60.79 280.82
395.89 285.03
563.61 448.73
423.11 493.46
458.06 339.76
166.19 461.70
83.24 75.30
289.67 210.97
578.86 160.96
357.36 536.88
342.40 613.75
132.02 170.29
242.84 305.62
441.79 188.77
441.30 541.27
506.82 620.64
107.02 524.51
557.32 627.55
155.14 110.56
581.43 502.63
166.59 659.61
551.86 480.49
582.39 477.76
288.06 86.97
289.68 487.54
181.59 175.70
127.80 397.59
726.65 561.48
58.78 313.79
527.49 117.88
606.40 214.75
360.69 605.05
661.94 106.13
622.09 662.80
637.00 591.83
311.18 269.38
81.92 327.57
260.45 161.18
710.55 666.67
616.78 257.01
136.52 349.25
100.61 297.62
474.54 272.13
284.17 278.87
630.33 74.20
619.72 477.19
433.58 535.54
62.98 654.17
252.14 329.68
408.59 680.87
209.48 416.88
744.15 198.51
503.46 164.68
447.03 354.30
445.89 70.10
191.43 680.40
175.82 260.33
742.44 228.22
455.83 351.44
52.25 500.50
402.08 705.86
733.66 101.82
461.76 288.92
142.46 691.85
113.70 401.37
212.83 451.02
195.88 648.31
355.44 191.17
610.45 144.23
566.71 223.89
638.63 229.57
506.03 520.58
403.15 659.47
430.25 214.32
417.14 530.97
344.70 417.06
100.74 225.35
586.98 283.93
182.36 605.42
70.72 76.77
93.51 182.74
84.98 255.00
237.76 696.19
228.44 454.08
256.73 557.98
129.85 291.20
149.60 263.54
232.26 366.68
710.48 69.05
212.12 475.79
634.38 315.71
301.19 272.58
312.69 426.82
595.86 65.08
173.16 205.48
