1000 1000
823.0769 469.0370
690.3846 615.3424
621.1539 392.2374
811.5384 932.8381
906.7308 701.1521
375.9615 393.0955
595.1923 340.7516
249.0384 306.4278
326.9231 306.4278
820.1923 915.6762
136.6827 211.6081
214.4230 306.4278
422.1154 237.7801
648.9904 469.8951
344.2307 581.0186
378.8461 598.1805
318.2692 546.6947
460.1923 384.6576
378.8461 598.1805
816.0096 473.1845
171.1538 212.0372
872.1154 512.3709
924.0385 623.9234
690.3846 478.0471
456.7308 229.1991
785.5769 512.3709
856.6827 871.7702
785.5769 934.5543
880.7692 486.6280
352.8846 366.4945
811.5384 555.2757
898.0769 435.1422
283.6539 495.2090
880.7692 872.7713
759.6154 847.0284
673.0769 478.0471
785.5769 872.7713
326.9231 203.4562
188.4615 212.0372
378.8461 744.0569
352.8846 623.9234
404.8077 435.1422
335.5769 692.5711
378.8461 701.1521
326.9231 606.7615
456.7308 400.8184
344.2307 718.3140
788.8942 906.6662
413.4615 263.5230
352.8846 495.2090
759.6154 915.6762
785.5769 855.6094
716.3461 520.9519
828.8462 915.6762
759.6154 452.3042
197.1154 169.1324
275.0000 460.8851
465.3846 392.2374
482.6923 383.6564
240.3846 203.4562
523.0769 471.3253
523.0769 471.3253
413.4615 581.0186
394.4231 276.5374
162.5000 212.0372
231.7308 512.3709
456.7308 555.2757
387.5000 538.1138
430.7692 589.5995
439.4231 409.3993
257.6923 306.4278
393.7019 438.2886
309.6154 443.7232
387.5000 683.9902
309.6154 392.2374
344.2307 529.5328
309.6154 503.7899
754.5673 482.1945
344.2307 538.1138
801.1538 872.7713
474.0384 194.8753
396.1538 529.5328
699.0385 520.9519
519.3269 389.9492
370.1923 452.3042
309.6154 452.3042
309.6154 555.2757
736.3942 567.7181
249.0384 546.6947
335.5769 615.3424
352.8846 744.0569
614.2307 51.7162
837.5000 520.9519
223.0769 237.7801
257.6923 443.7232
880.7692 907.0952
335.5769 495.2090
277.1635 553.9886
266.3461 563.8567
779.9519 504.9341
326.9231 726.8950
396.1538 400.8184
500.0000 237.7801
404.8077 409.3993
352.8846 512.3709
266.3461 452.3042
491.3462 692.5711
361.5385 212.0372
543.2692 426.5613
387.5000 726.8950
344.2307 563.8567
681.7307 254.9420
344.2307 581.0186
283.6539 443.7232
223.0769 503.7899
875.0000 872.6284
742.3077 915.6762
378.8461 254.9420
796.2500 924.2571
474.0384 726.8950
465.3846 726.8950
707.6923 752.6379
266.3461 186.2943
504.9038 304.1395
830.8654 897.7991
699.0385 400.8184
699.0385 752.6379
517.3077 555.2757
422.1154 435.1422
378.8461 546.6947
300.9615 426.5613
292.3077 435.1422
378.8461 529.5328
369.7596 728.4682
309.6154 606.7615
482.6923 546.6947
474.0384 392.2374
768.2692 598.1805
750.9616 889.9333
725.0000 812.7046
430.7692 375.0755
171.1538 246.3610
837.5000 924.2571
262.5961 400.5323
785.5769 589.5995
725.0000 237.7801
880.7692 898.5142
612.5000 546.6947
335.5769 538.1138
387.5000 718.3140
872.1154 932.8381
153.8462 169.1324
681.7307 581.0186
335.5769 692.5711
326.9231 563.8567
794.2308 907.0952
759.6154 280.6849
699.0385 546.6947
266.3461 460.8851
889.1346 482.7666
889.1346 482.7666
289.8558 153.8296
249.0384 598.1805
508.3654 335.0310
309.6154 237.7801
720.5289 501.0726
837.5000 512.3709
422.1154 289.2658
448.0769 349.3326
820.1923 855.6094
326.9231 357.9135
231.7308 289.2658
326.9231 340.7516
399.4711 730.3274
508.6538 357.9135
742.3077 881.3523
361.5385 297.8468
75.9615 169.1324
352.8846 186.2943
223.0769 254.9420
283.6539 237.7801
818.3173 933.2671
569.9519 486.9140
915.9615 551.7003
932.6923 563.8567
240.3846 194.8753
932.6923 529.5328
863.4615 529.5328
318.2692 435.1422
802.8846 915.6762
830.2884 866.9077
344.2307 289.2658
647.1154 435.1422
673.0769 520.9519
430.7692 237.7801
932.6923 529.5328
352.8846 272.1039
932.6923 563.8567
197.1154 495.2090
275.0000 263.5230
430.7692 709.7331
292.3077 151.9704
707.6923 864.1904
720.5289 501.0726
716.3461 538.1138
300.9615 332.1706
422.1154 581.0186
326.9231 237.7801
482.6923 709.7331
757.5961 426.7043
413.4615 400.8184
517.3077 555.2757
577.8846 212.0372
577.8846 212.0372
422.1154 323.5897
422.1154 409.3993
785.5769 589.5995
690.3846 460.8851
802.8846 898.5142
465.3846 280.6849
750.9616 915.6762
941.3461 632.5044
456.7308 323.5897
508.6538 572.4376
838.5096 499.4994
482.6923 701.1521
300.9615 469.4661
456.7308 323.5897
690.3846 289.2658
430.7692 546.6947
352.8846 495.2090
387.5000 246.3610
378.8461 744.0569
300.9615 443.7232
309.6154 254.9420
847.8846 452.1611
104.6634 163.1257
517.3077 280.6849
750.9616 426.5613
491.3462 563.8567
690.3846 280.6849
664.4231 581.0186
811.5384 495.2090
811.5384 495.2090
420.0961 722.6045
396.1538 229.1991
733.6538 889.9333
396.1538 366.4945
430.7692 366.4945
785.5769 538.1138
344.2307 254.9420
387.5000 263.5230
344.2307 512.3709
846.1538 847.0284
673.0769 486.6280
863.4615 486.6280
208.0769 284.9754
713.6058 429.4216
759.6154 529.5328
456.7308 409.3993
733.6538 838.4475
733.6538 838.4475
811.5384 950.0000
681.7307 778.3808
814.8558 912.1008
814.8558 912.1008
733.6538 426.5613
335.5769 263.5230
337.7404 724.6067
699.0385 469.4661
396.1538 546.6947
344.2307 392.2374
361.5385 632.5044
404.8077 272.1039
664.4231 272.1039
595.1923 460.8851
768.2692 898.5142
352.8846 417.9803
716.3461 512.3709
84.6154 169.1324
380.4327 310.1462
863.4615 486.6280
318.2692 529.5328
794.2308 615.3424
672.6442 595.4632
557.9808 447.8707
557.9808 447.8707
214.4230 443.7232
448.0769 563.8567
275.0000 383.6564
802.8846 950.0000
482.6923 692.5711
275.0000 357.9135
828.8462 924.2571
690.3846 804.1236
716.3461 280.6849
794.2308 924.2571
300.9615 503.7899
525.9615 323.5897
426.0096 150.3973
396.1538 598.1805
464.0865 600.0397
352.8846 478.0471
344.2307 452.3042
300.9615 246.3610
223.0769 315.0087
681.7307 795.5427
465.3846 606.7615
326.9231 529.5328
906.7308 520.9519
188.1731 201.0249
776.9231 915.6762
828.8462 907.0952
162.5000 177.7133
898.0769 615.3424
292.3077 332.1706
370.1923 289.2658
811.5384 495.2090
560.5769 306.4278
387.5000 606.7615
474.0384 272.1039
802.8846 589.5995
716.3461 872.7713
759.6154 855.6094
370.1923 417.9803
288.7019 326.8791
395.2885 231.0583
664.4231 546.6947
309.6154 520.9519
283.6539 512.3709
309.6154 520.9519
283.6539 220.6182
742.3077 400.8184
863.4615 898.5142
776.9231 932.8381
430.7692 615.3424
794.3750 444.1522
439.4231 495.2090
707.6923 744.0569
587.9808 390.9503
335.5769 229.1991
725.0000 641.0853
448.0769 563.8567
318.2692 478.0471
110.5769 212.0372
335.5769 718.3140
335.5769 683.9902
880.7692 503.7899
716.3461 829.8665
802.8846 872.7713
673.0769 272.1039
595.1923 529.5328
690.3846 503.7899
534.6154 349.3326
733.6538 804.1236
872.1154 512.3709
924.0385 623.9234
240.3846 203.4562
404.8077 409.3993
300.9615 426.5613
785.5769 589.5995
153.8462 169.1324
231.7308 289.2658
361.5385 297.8468
75.9615 169.1324
915.9615 551.7003
309.6154 254.9420
104.6634 163.1257
465.3846 357.9135
811.5384 495.2090
208.0769 284.9754
223.0769 315.0087
188.1731 201.0249
794.3750 444.1522
326.9231 383.6564
802.8846 718.3140
950.0000 675.4092
58.0769 141.3873
768.2692 598.1805
638.4615 315.0087
867.9327 544.6925
515.8654 346.7583
380.5769 400.6754
482.6923 280.6849
318.2692 392.2374
257.6923 254.9420
292.3077 272.1039
465.3846 357.9135
318.2692 272.1039
837.5000 623.9234
171.1538 254.9420
283.6539 392.2374
517.3077 194.8753
880.7692 666.8282
811.5384 683.9902
249.0384 306.4278
378.8461 392.2374
344.2307 658.2473
326.9231 683.9902
482.6923 572.4376
673.0769 254.9420
725.0000 289.2658
655.7692 546.6947
456.7308 546.6947
807.6442 504.6480
647.1154 589.5995
644.3750 306.1418
586.5385 375.0755
240.3846 529.5328
707.6923 409.3993
448.0769 340.7516
326.9231 383.6564
681.7307 615.3424
318.2692 709.7331
673.0769 443.7232
300.9615 598.1805
474.0384 701.1521
802.0192 531.3920
396.1538 212.0372
880.7692 555.2757
474.0384 615.3424
378.8461 709.7331
673.0769 254.9420
915.3846 452.3042
690.3846 778.3808
690.3846 778.3808
733.6538 289.2658
249.0384 315.0087
562.7404 666.8282
318.2692 186.2943
754.5673 482.1945
465.3846 555.2757
802.8846 718.3140
335.5769 675.4092
500.0000 237.7801
950.0000 675.4092
344.2307 563.8567
58.0769 141.3873
796.2500 924.2571
152.6923 248.0772
152.6923 248.0772
889.4231 478.0471
768.2692 598.1805
638.4615 315.0087
370.1923 417.9803
246.1538 320.8724
776.9231 641.0853
846.1538 658.2473
867.9327 544.6925
404.8077 658.2473
474.0384 641.0853
898.0769 615.3424
448.0769 323.5897
742.3077 297.8468
396.1538 272.1039
240.3846 160.5514
430.7692 546.6947
915.3846 520.9519
404.8077 332.1706
262.5961 400.5323
326.9231 435.1422
378.8461 212.0372
882.0673 643.0876
854.8077 641.0853
480.9615 243.6437
569.2308 503.7899
344.2307 237.7801
811.5384 915.6762
404.8077 349.3326
292.3077 546.6947
508.6538 572.4376
387.5000 555.2757
863.4615 924.2571
696.4423 811.1314
378.8461 426.5613
396.1538 726.8950
262.5961 400.5323
404.8077 357.9135
699.0385 452.3042
352.8846 460.8851
448.0769 683.9902
655.7692 563.8567
240.3846 263.5230
214.4230 469.4661
387.5000 563.8567
309.6154 701.1521
361.5385 623.9234
300.9615 478.0471
300.9615 478.0471
387.5000 726.8950
249.0384 572.4376
247.3077 563.8567
249.0384 589.5995
638.4615 306.4278
638.4615 306.4278
413.4615 598.1805
344.2307 375.0755
404.8077 194.8753
67.3077 160.5514
664.4231 786.9617
854.8077 417.9803
309.6154 289.2658
67.3077 177.7133
439.4231 726.8950
916.2500 523.5261
292.3077 589.5995
573.8462 84.3238
690.3846 598.1805
681.7307 589.5995
508.6538 289.2658
311.0577 533.5372
690.3846 392.2374
515.8654 346.7583
510.5288 335.3170
510.5288 335.3170
207.5000 499.0704
563.4616 701.2951
621.8750 89.7585
586.5385 349.3326
621.8750 89.7585
214.4230 212.0372
725.0000 478.0471
916.2500 523.5261
785.5769 847.0284
785.5769 847.0284
863.4615 881.3523
517.3077 426.5613
905.4327 546.6947
317.5480 342.4678
500.0000 306.4278
725.0000 649.6663
110.5769 160.5514
638.4615 109.0656
673.0769 229.1991
481.9711 443.7232
603.8461 332.1706
380.5769 400.6754
448.0769 272.1039
647.1154 563.8567
500.0000 323.5897
448.0769 692.5711
785.5769 615.3424
716.3461 237.7801
655.7692 237.7801
352.8846 623.9234
413.4615 349.3326
344.2307 452.3042
852.9327 552.9874
759.1827 570.1494
482.6923 280.6849
396.1538 383.6564
361.5385 409.3993
428.7500 267.6704
615.9615 318.4411
344.2307 683.9902
422.1154 349.3326
519.9039 287.4066
482.6923 563.8567
396.1538 718.3140
162.5000 237.7801
376.1057 700.8660
240.3846 340.7516
863.4615 872.7713
335.5769 246.3610
806.2019 862.9033
318.2692 392.2374
543.2692 323.5897
257.6923 220.6182
257.6923 254.9420
50.0000 151.9704
759.6154 435.1422
681.7307 761.2188
673.0769 263.5230
214.4230 186.2943
223.0769 186.2943
309.6154 606.7615
231.7308 443.7232
750.9616 924.2571
638.4615 538.1138
517.3077 254.9420
828.8462 898.5142
275.0000 297.8468
378.8461 735.4760
266.3461 203.4562
378.8461 546.6947
214.4230 203.4562
404.9519 600.3258
543.5577 84.0378
292.3077 272.1039
569.2308 520.9519
335.5769 186.2943
318.2692 203.4562
318.2692 512.3709
621.1539 392.2374
465.3846 357.9135
465.3846 212.0372
707.6923 821.2856
750.9616 306.4278
768.2692 598.1805
759.6154 786.9617
266.3461 417.9803
396.1538 606.7615
379.2788 745.7731
404.8077 169.1324
906.7308 864.1904
318.2692 478.0471
283.6539 469.4661
422.1154 718.3140
327.6442 220.0461
465.3846 400.8184
370.1923 169.1324
480.9615 243.6437
742.3077 469.4661
404.8077 426.5613
335.5769 478.0471
318.2692 409.3993
699.0385 804.1236
569.2308 503.7899
361.5385 469.4661
223.0769 297.8468
430.7692 581.0186
324.1827 396.2419
223.0769 495.2090
573.2692 491.7766
326.9231 400.8184
837.5000 889.9333
422.1154 306.4278
377.8366 403.3927
344.2307 469.4661
889.4231 889.9333
422.1154 426.5613
482.6923 263.5230
318.2692 272.1039
733.6538 495.2090
846.1538 615.3424
837.5000 623.9234
750.9616 417.9803
846.1538 469.4661
378.8461 538.1138
846.1538 932.8381
370.1923 744.0569
456.7308 323.5897
778.0769 589.1705
525.9615 332.1706
257.6923 572.4376
776.9231 881.3523
768.2692 872.7713
404.8077 718.3140
266.3461 520.9519
776.9231 898.5142
456.7308 555.2757
802.8846 932.8381
314.2308 434.4271
171.1538 254.9420
621.1539 392.2374
119.2308 177.7133
231.7308 297.8468
314.8077 243.2147
314.8077 243.2147
331.3942 591.4587
355.0481 536.6836
733.6538 443.7232
924.0385 486.6280
361.5385 426.5613
283.6539 392.2374
240.3846 546.6947
352.8846 649.6663
456.7308 315.0087
846.1538 907.0952
641.4904 243.3577
387.5000 272.1039
387.5000 272.1039
188.4615 169.1324
352.8846 452.3042
300.9615 495.2090
387.5000 589.5995
275.0000 538.1138
179.8077 186.2943
275.0000 315.0087
820.1923 932.8381
785.5769 615.3424
491.3462 237.7801
456.7308 263.5230
430.7692 297.8468
299.2308 243.5007
344.2307 675.4092
249.0384 520.9519
854.8077 872.7713
378.8461 555.2757
370.1923 478.0471
352.8846 529.5328
725.0000 486.6280
517.3077 194.8753
880.7692 666.8282
352.5961 554.1316
738.5577 879.0641
725.0000 872.7713
750.9616 864.1904
811.5384 683.9902
266.3461 546.6947
681.7307 529.5328
742.3077 443.7232
249.0384 306.4278
673.6539 744.7720
681.7307 769.7998
681.7307 606.7615
733.6538 623.9234
742.3077 383.6564
811.5384 941.4191
729.1827 834.7291
820.1923 915.6762
860.7212 494.2079
785.5769 934.5543
699.0385 872.7713
315.8173 526.6725
823.0769 469.0370
690.3846 615.3424
811.5384 932.8381
906.7308 701.1521
375.9615 393.0955
595.1923 340.7516
326.9231 306.4278
136.6827 211.6081
214.4230 306.4278
422.1154 237.7801
648.9904 469.8951
344.2307 581.0186
378.8461 598.1805
318.2692 546.6947
460.1923 384.6576
816.0096 473.1845
171.1538 212.0372
690.3846 478.0471
456.7308 229.1991
785.5769 512.3709
856.6827 871.7702
880.7692 486.6280
352.8846 366.4945
811.5384 555.2757
898.0769 435.1422
283.6539 495.2090
880.7692 872.7713
759.6154 847.0284
673.0769 478.0471
785.5769 872.7713
326.9231 203.4562
188.4615 212.0372
378.8461 744.0569
352.8846 623.9234
404.8077 435.1422
335.5769 692.5711
378.8461 701.1521
326.9231 606.7615
456.7308 400.8184
344.2307 718.3140
788.8942 906.6662
413.4615 263.5230
352.8846 495.2090
759.6154 915.6762
785.5769 855.6094
716.3461 520.9519
828.8462 915.6762
759.6154 452.3042
197.1154 169.1324
275.0000 460.8851
465.3846 392.2374
482.6923 383.6564
413.4615 581.0186
394.4231 276.5374
162.5000 212.0372
231.7308 512.3709
456.7308 555.2757
387.5000 538.1138
430.7692 589.5995
439.4231 409.3993
257.6923 306.4278
393.7019 438.2886
309.6154 443.7232
387.5000 683.9902
309.6154 392.2374
344.2307 529.5328
309.6154 503.7899
344.2307 538.1138
801.1538 872.7713
474.0384 194.8753
396.1538 529.5328
699.0385 520.9519
370.1923 452.3042
309.6154 452.3042
309.6154 555.2757
249.0384 546.6947
736.3942 567.7181
249.0384 546.6947
335.5769 615.3424
352.8846 744.0569
837.5000 520.9519
223.0769 237.7801
257.6923 443.7232
880.7692 907.0952
335.5769 495.2090
266.3461 563.8567
326.9231 726.8950
396.1538 400.8184
500.0000 237.7801
352.8846 512.3709
266.3461 452.3042
491.3462 692.5711
361.5385 212.0372
543.2692 426.5613
543.2692 426.5613
387.5000 726.8950
344.2307 563.8567
681.7307 254.9420
344.2307 581.0186
283.6539 443.7232
223.0769 503.7899
875.0000 872.6284
742.3077 915.6762
378.8461 254.9420
796.2500 924.2571
474.0384 726.8950
465.3846 726.8950
707.6923 752.6379
266.3461 186.2943
504.9038 304.1395
830.8654 897.7991
699.0385 400.8184
699.0385 752.6379
517.3077 555.2757
422.1154 435.1422
378.8461 546.6947
292.3077 435.1422
378.8461 529.5328
369.7596 728.4682
309.6154 606.7615
482.6923 546.6947
474.0384 392.2374
750.9616 889.9333
725.0000 812.7046
430.7692 375.0755
171.1538 246.3610
837.5000 924.2571
725.0000 237.7801
880.7692 898.5142
612.5000 546.6947
335.5769 538.1138
387.5000 718.3140
872.1154 932.8381
681.7307 581.0186
335.5769 692.5711
326.9231 563.8567
794.2308 907.0952
716.3461 538.1138
759.6154 280.6849
699.0385 546.6947
266.3461 460.8851
889.1346 482.7666
289.8558 153.8296
249.0384 598.1805
508.3654 335.0310
309.6154 237.7801
283.6539 237.7801
837.5000 512.3709
448.0769 349.3326
422.1154 289.2658
820.1923 855.6094
326.9231 357.9135
326.9231 340.7516
399.4711 730.3274
508.6538 357.9135
742.3077 881.3523
352.8846 186.2943
223.0769 254.9420
283.6539 237.7801
818.3173 933.2671
240.3846 194.8753
863.4615 529.5328
318.2692 435.1422
802.8846 915.6762
830.2884 866.9077
344.2307 289.2658
647.1154 435.1422
673.0769 520.9519
430.7692 237.7801
932.6923 529.5328
352.8846 272.1039
932.6923 563.8567
197.1154 495.2090
275.0000 263.5230
430.7692 709.7331
292.3077 151.9704
707.6923 864.1904
716.3461 538.1138
300.9615 332.1706
422.1154 581.0186
326.9231 237.7801
482.6923 709.7331
413.4615 400.8184
517.3077 555.2757
577.8846 212.0372
422.1154 323.5897
422.1154 409.3993
690.3846 460.8851
802.8846 898.5142
465.3846 280.6849
750.9616 915.6762
941.3461 632.5044
508.6538 572.4376
838.5096 499.4994
482.6923 701.1521
300.9615 469.4661
456.7308 323.5897
690.3846 289.2658
430.7692 546.6947
352.8846 495.2090
387.5000 246.3610
378.8461 744.0569
300.9615 443.7232
517.3077 280.6849
750.9616 426.5613
491.3462 563.8567
690.3846 280.6849
664.4231 581.0186
420.0961 722.6045
396.1538 229.1991
396.1538 366.4945
430.7692 366.4945
785.5769 538.1138
344.2307 254.9420
387.5000 263.5230
344.2307 512.3709
846.1538 847.0284
673.0769 486.6280
863.4615 486.6280
713.6058 429.4216
759.6154 529.5328
456.7308 409.3993
733.6538 838.4475
811.5384 950.0000
681.7307 778.3808
814.8558 912.1008
733.6538 426.5613
335.5769 263.5230
337.7404 724.6067
699.0385 469.4661
396.1538 546.6947
344.2307 392.2374
361.5385 632.5044
404.8077 272.1039
664.4231 272.1039
595.1923 460.8851
768.2692 898.5142
352.8846 417.9803
716.3461 512.3709
84.6154 169.1324
380.4327 310.1462
318.2692 529.5328
794.2308 615.3424
672.6442 595.4632
214.4230 443.7232
448.0769 563.8567
275.0000 383.6564
802.8846 950.0000
482.6923 692.5711
275.0000 357.9135
733.6538 889.9333
828.8462 924.2571
690.3846 804.1236
716.3461 280.6849
794.2308 924.2571
300.9615 503.7899
525.9615 323.5897
426.0096 150.3973
396.1538 598.1805
464.0865 600.0397
352.8846 478.0471
344.2307 452.3042
300.9615 246.3610
681.7307 795.5427
465.3846 606.7615
326.9231 529.5328
906.7308 520.9519
776.9231 915.6762
828.8462 907.0952
162.5000 177.7133
898.0769 615.3424
292.3077 332.1706
370.1923 289.2658
560.5769 306.4278
387.5000 606.7615
474.0384 272.1039
802.8846 589.5995
716.3461 872.7713
759.6154 855.6094
370.1923 417.9803
288.7019 326.8791
395.2885 231.0583
664.4231 546.6947
309.6154 520.9519
283.6539 512.3709
283.6539 220.6182
742.3077 400.8184
863.4615 898.5142
776.9231 932.8381
430.7692 615.3424
439.4231 495.2090
707.6923 744.0569
335.5769 229.1991
725.0000 641.0853
448.0769 563.8567
318.2692 478.0471
110.5769 212.0372
335.5769 718.3140
335.5769 683.9902
880.7692 503.7899
716.3461 829.8665
802.8846 872.7713
673.0769 272.1039
595.1923 529.5328
690.3846 503.7899
534.6154 349.3326
733.6538 804.1236
344.2307 658.2473
326.9231 683.9902
482.6923 572.4376
725.0000 289.2658
655.7692 546.6947
456.7308 546.6947
807.6442 504.6480
647.1154 589.5995
644.3750 306.1418
240.3846 529.5328
707.6923 409.3993
448.0769 340.7516
681.7307 615.3424
318.2692 709.7331
673.0769 443.7232
300.9615 598.1805
474.0384 701.1521
396.1538 212.0372
880.7692 555.2757
474.0384 615.3424
378.8461 709.7331
673.0769 254.9420
915.3846 452.3042
690.3846 778.3808
733.6538 289.2658
249.0384 315.0087
318.2692 186.2943
465.3846 555.2757
335.5769 675.4092
152.6923 248.0772
889.4231 478.0471
370.1923 417.9803
246.1538 320.8724
776.9231 641.0853
846.1538 658.2473
404.8077 658.2473
474.0384 641.0853
448.0769 323.5897
742.3077 297.8468
396.1538 272.1039
240.3846 160.5514
430.7692 546.6947
915.3846 520.9519
404.8077 332.1706
326.9231 435.1422
378.8461 212.0372
854.8077 641.0853
344.2307 237.7801
811.5384 915.6762
404.8077 349.3326
292.3077 546.6947
508.6538 572.4376
387.5000 555.2757
863.4615 924.2571
696.4423 811.1314
378.8461 426.5613
396.1538 726.8950
404.8077 357.9135
699.0385 452.3042
352.8846 460.8851
448.0769 683.9902
655.7692 563.8567
240.3846 263.5230
214.4230 469.4661
387.5000 563.8567
309.6154 701.1521
361.5385 623.9234
300.9615 478.0471
387.5000 726.8950
249.0384 572.4376
249.0384 589.5995
638.4615 306.4278
413.4615 598.1805
344.2307 375.0755
404.8077 194.8753
67.3077 160.5514
854.8077 417.9803
309.6154 289.2658
67.3077 177.7133
439.4231 726.8950
916.2500 523.5261
292.3077 589.5995
690.3846 598.1805
681.7307 589.5995
508.6538 289.2658
311.0577 533.5372
690.3846 392.2374
207.5000 499.0704
586.5385 349.3326
214.4230 212.0372
725.0000 478.0471
785.5769 847.0284
863.4615 881.3523
517.3077 426.5613
905.4327 546.6947
317.5480 342.4678
500.0000 306.4278
725.0000 649.6663
110.5769 160.5514
638.4615 109.0656
673.0769 229.1991
603.8461 332.1706
448.0769 272.1039
647.1154 563.8567
500.0000 323.5897
448.0769 692.5711
716.3461 237.7801
655.7692 237.7801
352.8846 623.9234
413.4615 349.3326
344.2307 452.3042
852.9327 552.9874
759.1827 570.1494
396.1538 383.6564
361.5385 409.3993
428.7500 267.6704
615.9615 318.4411
344.2307 683.9902
422.1154 349.3326
519.9039 287.4066
482.6923 563.8567
396.1538 718.3140
162.5000 237.7801
376.1057 700.8660
240.3846 340.7516
863.4615 872.7713
335.5769 246.3610
806.2019 862.9033
543.2692 323.5897
257.6923 220.6182
50.0000 151.9704
759.6154 435.1422
681.7307 761.2188
673.0769 263.5230
214.4230 186.2943
223.0769 186.2943
309.6154 606.7615
231.7308 443.7232
750.9616 924.2571
638.4615 538.1138
517.3077 254.9420
828.8462 898.5142
275.0000 297.8468
378.8461 735.4760
266.3461 203.4562
378.8461 546.6947
214.4230 203.4562
569.2308 520.9519
335.5769 186.2943
318.2692 203.4562
318.2692 512.3709
621.1539 392.2374
465.3846 212.0372
707.6923 821.2856
750.9616 306.4278
759.6154 786.9617
266.3461 417.9803
396.1538 606.7615
379.2788 745.7731
404.8077 169.1324
906.7308 864.1904
318.2692 478.0471
283.6539 469.4661
422.1154 718.3140
327.6442 220.0461
465.3846 400.8184
370.1923 169.1324
480.9615 243.6437
742.3077 469.4661
404.8077 426.5613
335.5769 478.0471
318.2692 409.3993
699.0385 804.1236
569.2308 503.7899
361.5385 469.4661
223.0769 297.8468
430.7692 581.0186
324.1827 396.2419
223.0769 495.2090
326.9231 400.8184
837.5000 889.9333
422.1154 306.4278
377.8366 403.3927
344.2307 469.4661
889.4231 889.9333
422.1154 426.5613
482.6923 263.5230
733.6538 495.2090
846.1538 615.3424
750.9616 417.9803
846.1538 469.4661
378.8461 538.1138
846.1538 932.8381
370.1923 744.0569
525.9615 332.1706
257.6923 572.4376
776.9231 881.3523
768.2692 872.7713
404.8077 718.3140
266.3461 520.9519
776.9231 898.5142
456.7308 555.2757
802.8846 932.8381
314.2308 434.4271
119.2308 177.7133
231.7308 297.8468
331.3942 591.4587
733.6538 443.7232
924.0385 486.6280
361.5385 426.5613
240.3846 546.6947
352.8846 649.6663
456.7308 315.0087
846.1538 907.0952
641.4904 243.3577
387.5000 272.1039
188.4615 169.1324
352.8846 452.3042
300.9615 495.2090
387.5000 589.5995
275.0000 538.1138
179.8077 186.2943
275.0000 315.0087
820.1923 932.8381
785.5769 615.3424
491.3462 237.7801
456.7308 263.5230
430.7692 297.8468
299.2308 243.5007
344.2307 675.4092
249.0384 520.9519
854.8077 872.7713
378.8461 555.2757
370.1923 478.0471
352.8846 529.5328
725.0000 486.6280
352.5961 554.1316
738.5577 879.0641
725.0000 872.7713
750.9616 864.1904
266.3461 546.6947
681.7307 529.5328
742.3077 443.7232
673.6539 744.7720
681.7307 769.7998
681.7307 606.7615
733.6538 623.9234
742.3077 383.6564
811.5384 941.4191
820.1923 915.6762
860.7212 494.2079
699.0385 872.7713
315.8173 526.6725
898.0769 572.4376
776.9231 443.7232
231.7308 306.4278
352.8846 503.7899
153.8462 229.1991
231.7308 460.8851
372.2115 357.0555
889.4231 503.7899
101.9231 203.4562
257.6923 340.7516
474.0384 563.8567
212.2596 502.5028
223.0769 452.3042
266.3461 417.9803
378.8461 538.1138
707.6923 836.4453
872.1154 907.0952
465.3846 315.0087
318.2692 503.7899
300.9615 392.2374
361.5385 400.8184
188.4615 280.6849
846.1538 924.2571
344.2307 718.3140
361.5385 520.9519
699.0385 460.8851
837.5000 864.1904
898.0769 546.6947
768.2692 881.3523
396.1538 443.7232
324.3269 716.5978
370.1923 340.7516
396.1538 349.3326
326.9231 718.3140
188.4615 220.6182
249.0384 426.5613
387.5000 366.4945
318.2692 683.9902
335.5769 503.7899
482.6923 726.8950
474.0384 726.8950
854.8077 924.2571
707.6923 872.7713
759.6154 486.6280
837.5000 855.6094
759.6154 889.9333
249.0384 272.1039
344.2307 726.8950
370.1923 109.0656
266.3461 400.8184
404.9519 195.1613
491.3462 383.6564
759.6154 426.5613
404.8077 718.3140
889.4231 546.6947
742.3077 855.6094
759.6154 649.6663
266.3461 443.7232
404.8077 555.2757
370.1923 615.3424
569.2308 220.6182
344.2307 692.5711
759.6154 898.5142
785.5769 889.9333
257.6923 246.3610
249.0384 143.3895
370.1923 701.1521
500.0000 246.3610
898.0769 572.4376
378.8461 598.1805
776.9231 443.7232
314.5192 331.7416
231.7308 306.4278
352.8846 503.7899
153.8462 229.1991
378.8461 392.2374
370.1923 109.0656
844.4231 500.6436
231.7308 460.8851
372.2115 357.0555
889.4231 503.7899
101.9231 203.4562
257.6923 340.7516
474.0384 563.8567
212.2596 502.5028
223.0769 452.3042
844.7115 500.9296
266.3461 417.9803
378.8461 538.1138
707.6923 836.4453
872.1154 907.0952
465.3846 315.0087
318.2692 503.7899
300.9615 392.2374
361.5385 400.8184
188.4615 280.6849
846.1538 924.2571
344.2307 718.3140
361.5385 520.9519
699.0385 460.8851
837.5000 864.1904
898.0769 546.6947
768.2692 881.3523
396.1538 443.7232
324.3269 716.5978
370.1923 340.7516
396.1538 349.3326
326.9231 718.3140
188.4615 220.6182
249.0384 426.5613
249.0384 426.5613
387.5000 366.4945
318.2692 683.9902
335.5769 503.7899
482.6923 726.8950
474.0384 726.8950
854.8077 924.2571
707.6923 872.7713
759.6154 486.6280
837.5000 855.6094
759.6154 889.9333
249.0384 272.1039
344.2307 726.8950
370.1923 109.0656
543.2692 426.5613
266.3461 400.8184
404.9519 195.1613
491.3462 383.6564
759.6154 426.5613
404.8077 718.3140
314.5192 331.7416
889.4231 546.6947
742.3077 855.6094
759.6154 649.6663
266.3461 443.7232
626.9231 94.3350
404.8077 555.2757
370.1923 615.3424
569.2308 220.6182
344.2307 692.5711
759.6154 898.5142
785.5769 889.9333
257.6923 246.3610
249.0384 143.3895
370.1923 701.1521
500.0000 246.3610
759.6154 786.9617
844.7115 500.9296
300.9615 435.1422
361.5385 375.0755
437.8365 627.7848
474.6154 699.5789
379.2788 666.3992
318.9904 668.9735
313.5096 699.8649
340.7692 704.7275
296.9231 684.1331
240.6731 547.5529
221.7788 516.5184
226.9711 530.3909
226.1057 501.9307
261.1538 370.7850
267.5000 444.1522
219.0384 454.1634
815.5769 923.2560
619.1346 726.6089
933.9904 646.9490
868.0769 568.5762
219.4712 102.0578
208.3654 129.0879
480.9615 243.6437
399.7596 164.6989
639.6154 220.6182
775.7692 576.5851
733.6538 889.9333
775.9134 405.9670
836.2019 514.9452
877.5962 525.9574
882.2115 445.1534
914.8077 440.8628
924.9039 627.7848
907.3077 606.1894
891.5865 593.7470
841.8269 623.6374
803.1731 632.7904
773.0289 590.6007
774.1827 541.8322
749.2307 651.9545
709.2788 606.7615
721.6827 652.6696
705.0961 608.3347
870.5288 876.4898
854.6635 912.2438
811.8269 935.9844
783.5577 920.2527
761.9231 921.3968
692.8365 773.8042
712.8846 828.1504
573.9904 697.1476
636.1539 757.0714
666.8750 707.8739
630.9616 617.7737
616.3942 598.3236
558.8462 574.0108
513.2692 681.9879
674.0865 518.8066
653.7500 546.6947
668.3173 474.0426
650.1442 438.8607
617.6923 506.0782
565.1923 506.7933
533.4615 522.3820
506.7788 418.5524
479.9519 493.9218
471.1538 493.6358
451.6827 527.6736
330.8173 710.8772
326.3461 684.5622
358.2212 613.9123
377.6923 592.6029
412.8846 598.3236
436.6827 557.9930
502.1635 561.4254
322.1634 613.0542
337.7404 556.1338
312.7885 550.9852
294.1827 591.3158
350.5769 484.4828
377.5481 536.1115
290.1442 508.3665
266.3461 547.8389
244.1346 516.0893
268.9423 451.3030
268.7981 462.7443
311.9231 433.2830
299.2308 243.5007
404.3750 269.8157
363.1250 303.9965
314.5192 286.4055
277.4519 363.3482
385.6250 442.1500
384.9039 411.4015
430.9135 449.1578
412.3077 381.9403
421.3942 342.6108
462.7885 346.7583
459.4712 289.5519
494.9519 195.1613
545.7212 350.6198
532.3077 177.1412
611.7788 321.1584
693.7019 344.0410
430.0481 108.7796
480.2404 156.4039
509.9519 141.1012
506.3462 98.6254
514.5673 141.1012
643.9423 173.5659
601.5385 152.3995
338.8942 390.0921
208.0769 284.9754
246.1538 320.8724
369.7596 728.4682
379.2788 745.7731
464.0865 600.0397
729.1827 834.7291
611.7788 321.1584
907.3077 606.1894
104.6634 163.1257
516.0096 357.4845
502.0192 347.9024
495.8173 343.6120
528.7019 362.0610
532.1635 341.4667
522.6442 312.0054
532.3077 267.8134
521.0577 251.6526
509.2308 241.7845
521.0577 235.2058
481.6827 246.7901
489.6154 277.6815
507.6442 302.7094
501.7308 323.1606
474.7596 331.1696
494.9519 330.8835
489.7596 332.3137
469.4230 342.0388
460.1923 362.3470
464.0865 321.8735
459.9038 308.7160
446.6346 312.4344
457.0192 297.5608
437.6923 343.6120
431.3461 348.1884
376.9711 352.6220
429.6154 276.2514
382.8846 265.8112
377.8366 248.6493
414.6154 246.2180
421.6827 254.2269
438.8462 247.5052
429.9038 217.1858
399.4711 210.3210
396.1538 193.0161
414.0385 168.8463
451.8269 117.2175
439.4231 187.7245
446.2019 168.8463
450.9615 153.4006
400.7692 139.0990
474.4712 138.3839
474.6154 174.4239
494.9519 160.1224
483.2692 105.9193
509.0865 162.9827
509.2308 179.0005
513.4135 50.0000
348.1250 174.5670
348.5577 201.0249
334.8558 204.3143
369.0384 227.1969
333.7019 254.5129
320.2884 328.1662
328.7981 325.3059
352.4519 350.3337
352.1634 298.1328
301.1058 345.3281
262.7404 348.6175
264.7596 354.0521
289.1346 330.0254
265.7692 330.8835
250.9134 320.1573
228.5577 327.1651
243.1250 365.9225
223.0769 304.7116
245.7211 279.6838
264.3269 263.8090
220.1923 287.5497
125.7211 212.7523
163.7980 260.0906
170.2884 200.7389
189.9038 227.0539
216.5865 233.9186
220.1923 248.7923
226.5385 245.2169
181.5384 274.2491
