800 800
100.00 581.86
108.70 564.71
117.39 542.60
126.09 516.18
134.78 486.26
143.48 453.74
152.17 419.59
160.87 384.85
169.57 350.58
178.26 317.79
186.96 287.48
195.65 260.56
204.35 237.86
213.04 220.04
221.74 207.66
230.43 201.07
239.13 200.49
247.83 205.93
256.52 217.22
265.22 234.03
273.91 255.84
282.61 282.01
291.30 311.73
300.00 344.12
308.70 378.19
317.39 412.92
326.09 447.26
334.78 480.17
343.48 510.67
352.17 537.83
360.87 560.83
369.57 578.97
378.26 591.72
386.96 598.68
395.65 599.65
404.35 594.60
413.04 583.67
421.74 567.20
430.43 545.69
439.13 519.79
447.83 490.27
456.52 458.02
465.22 424.03
473.91 389.31
482.61 354.91
491.30 321.88
500.00 291.20
508.70 263.80
517.39 240.51
526.09 222.04
534.78 208.93
543.48 201.59
552.17 200.23
560.87 204.90
569.57 215.46
578.26 231.58
586.96 252.79
595.65 278.43
604.35 307.75
613.04 339.85
621.74 373.76
630.43 408.46
639.13 442.91
647.83 476.07
656.52 506.93
665.22 534.56
673.91 558.13
682.61 576.94
691.30 590.40
700.00 598.12
