1000 1000
50.0000 187.7850
56.2069 281.5961
68.6207 196.5798
71.7241 325.5700
71.7241 307.9805
71.7241 196.5798
81.0345 305.0489
84.1379 331.4332
99.6552 392.9967
99.6552 337.2964
105.8621 222.9642
112.0690 378.3388
115.1724 384.2020
118.2759 395.9283
118.2759 357.8176
127.5862 146.7427
130.6897 319.7069
136.8966 178.9902
140.0000 316.7752
143.1034 445.7655
152.4138 293.3225
152.4138 208.3062
158.6207 369.5440
161.7241 346.0912
161.7241 243.4853
164.8276 343.1596
171.0345 161.4007
180.3448 343.1596
186.5517 410.5863
192.7586 560.0977
195.8621 422.3127
198.9655 565.9609
198.9655 554.2345
202.0690 360.7492
205.1724 554.2345
205.1724 205.3746
211.3793 530.7818
211.3793 431.1075
214.4828 375.4072
217.5862 369.5440
217.5862 319.7069
226.8965 472.1498
226.8965 384.2020
226.8965 296.2541
226.8965 208.3062
226.8965 193.6482
226.8965 152.6059
230.0000 533.7134
230.0000 478.0130
230.0000 296.2541
233.1035 392.9967
242.4138 519.0554
242.4138 299.1857
242.4138 284.5277
245.5172 425.2443
245.5172 310.9121
248.6207 519.0554
248.6207 258.1433
251.7241 533.7134
251.7241 419.3811
254.8276 539.5766
254.8276 495.6026
254.8276 278.6645
257.9310 592.3453
257.9310 483.8762
257.9310 328.5016
257.9310 269.8697
257.9310 264.0065
264.1379 398.8599
267.2414 498.5342
267.2414 472.1498
267.2414 287.4593
267.2414 281.5961
267.2414 275.7329
267.2414 272.8013
267.2414 264.0065
267.2414 176.0586
270.3448 615.7980
273.4483 158.4691
273.4483 152.6059
273.4483 143.8111
276.5517 583.5505
276.5517 363.6808
276.5517 161.4007
276.5517 158.4691
276.5517 126.2215
279.6552 636.3192
279.6552 533.7134
279.6552 501.4658
282.7586 498.5342
282.7586 129.1531
285.8621 410.5863
285.8621 161.4007
288.9655 665.6352
288.9655 354.8860
292.0690 609.9349
295.1724 577.6873
295.1724 407.6547
298.2759 621.6612
298.2759 328.5016
301.3793 680.2932
304.4828 700.8143
304.4828 621.6612
304.4828 469.2183
304.4828 278.6645
307.5862 656.8404
307.5862 516.1238
307.5862 480.9446
307.5862 205.3746
307.5862 196.5798
310.6897 548.3713
310.6897 504.3974
310.6897 466.2866
313.7931 554.2345
313.7931 132.0847
316.8966 730.1303
320.0000 568.8925
320.0000 190.7166
323.1035 501.4658
323.1035 343.1596
326.2069 331.4332
329.3103 650.9772
329.3103 313.8436
332.4138 328.5016
335.5172 445.7655
335.5172 363.6808
335.5172 137.9479
338.6207 712.5407
338.6207 692.0195
338.6207 574.7557
338.6207 483.8762
338.6207 451.6287
338.6207 178.9902
341.7241 457.4919
344.8276 592.3453
347.9310 753.5831
347.9310 478.0130
351.0345 648.0456
351.0345 568.8925
351.0345 463.3550
354.1379 686.1564
354.1379 472.1498
354.1379 431.1075
357.2414 768.2410
357.2414 694.9511
357.2414 624.5928
357.2414 431.1075
360.3448 700.8143
360.3448 592.3453
360.3448 527.8502
360.3448 451.6287
363.4483 709.6091
363.4483 618.7296
363.4483 612.8664
363.4483 563.0293
363.4483 489.7394
363.4483 480.9446
366.5517 797.5570
366.5517 516.1238
366.5517 486.8078
366.5517 478.0130
366.5517 255.2117
369.6552 475.0814
372.7586 791.6938
372.7586 249.3485
375.8621 574.7557
375.8621 480.9446
375.8621 475.0814
375.8621 240.5538
375.8621 214.1694
375.8621 208.3062
378.9655 800.4886
378.9655 689.0880
378.9655 627.5244
378.9655 568.8925
378.9655 495.6026
382.0690 697.8827
382.0690 486.8078
382.0690 472.1498
382.0690 255.2117
382.0690 173.1270
388.2759 143.8111
391.3793 642.1824
391.3793 208.3062
394.4828 797.5570
394.4828 530.7818
394.4828 225.8958
397.5862 803.4202
397.5862 565.9609
397.5862 269.8697
397.5862 246.4169
397.5862 196.5798
400.6897 791.6938
400.6897 639.2508
400.6897 240.5538
400.6897 217.1010
403.7931 794.6254
403.7931 727.1987
403.7931 533.7134
403.7931 513.1922
406.8966 715.4723
406.8966 674.4300
406.8966 583.5505
410.0000 867.9153
410.0000 413.5179
413.1034 782.8990
413.1034 536.6450
413.1034 322.6384
413.1034 137.9479
416.2069 870.8469
416.2069 674.4300
416.2069 225.8958
416.2069 155.5375
419.3104 815.1466
419.3104 199.5114
425.5172 791.6938
425.5172 671.4984
425.5172 659.7720
425.5172 642.1824
425.5172 454.5603
428.6207 870.8469
428.6207 806.3518
428.6207 648.0456
428.6207 483.8762
431.7241 645.1140
431.7241 601.1401
431.7241 463.3550
434.8276 815.1466
434.8276 123.2899
437.9310 545.4397
437.9310 472.1498
441.0345 653.9088
441.0345 521.9870
441.0345 387.1336
444.1379 519.0554
444.1379 384.2020
444.1379 246.4169
447.2414 665.6352
447.2414 492.6710
450.3448 114.4951
453.4483 592.3453
457.4310 110.0000
459.6552 495.6026
459.6552 480.9446
459.6552 290.3909
459.6552 158.4691
459.6552 135.0163
459.6552 99.8371
462.7586 856.1889
462.7586 803.4202
462.7586 504.3974
462.7586 378.3388
462.7586 264.0065
465.8621 794.6254
465.8621 692.0195
465.8621 149.6743
465.8621 126.2215
468.9655 765.3094
468.9655 709.6091
468.9655 639.2508
468.9655 354.8860
468.9655 211.2378
468.9655 193.6482
472.0690 589.4137
472.0690 349.0228
472.0690 316.7752
475.1724 445.7655
475.1724 416.4495
475.1724 231.7590
475.1724 196.5798
475.1724 96.9055
478.2759 413.5179
481.3793 645.1140
481.3793 469.2183
484.4828 771.1726
484.4828 609.9349
484.4828 445.7655
487.5862 911.8892
487.5862 876.7101
487.5862 413.5179
487.5862 167.2638
490.6897 823.9414
490.6897 753.5831
490.6897 469.2183
493.7931 917.7524
493.7931 733.0619
493.7931 724.2671
493.7931 706.6775
493.7931 167.2638
496.8965 727.1987
496.8965 563.0293
496.8965 275.7329
503.1035 929.4788
503.1035 319.7069
503.1035 234.6906
503.1035 214.1694
506.2069 935.3420
509.3103 548.3713
512.4138 721.3355
512.4138 504.3974
512.4138 390.0652
515.5172 950.0000
515.5172 844.4625
515.5172 630.4560
515.5172 413.5179
515.5172 343.1596
518.6207 782.8990
518.6207 747.7199
521.7241 894.2997
521.7241 571.8241
524.8276 715.4723
524.8276 319.7069
524.8276 187.7850
524.8276 99.8371
527.9310 832.7362
531.0345 545.4397
531.0345 217.1010
537.2414 917.7524
537.2414 873.7785
537.2414 756.5147
537.2414 536.6450
537.2414 167.2638
540.3448 574.7557
540.3448 539.5766
540.3448 161.4007
540.3448 143.8111
543.4483 856.1889
543.4483 492.6710
546.5517 510.2606
546.5517 401.7915
546.5517 290.3909
549.6552 384.2020
552.7586 692.0195
552.7586 565.9609
552.7586 442.8339
552.7586 398.8599
552.7586 173.1270
555.8621 178.9902
558.9655 489.7394
558.9655 392.9967
562.0690 577.6873
562.0690 560.0977
562.0690 334.3648
565.1724 609.9349
565.1724 460.4235
565.1724 451.6287
568.2759 656.8404
568.2759 170.1955
571.3793 835.6678
571.3793 779.9674
571.3793 560.0977
571.3793 278.6645
571.3793 184.8534
574.4828 788.7622
577.5862 580.6189
580.6896 724.2671
580.6896 114.4951
583.7931 891.3681
583.7931 627.5244
583.7931 513.1922
586.8966 879.6417
586.8966 835.6678
586.8966 642.1824
586.8966 390.0652
590.0000 299.1857
593.1034 815.1466
593.1034 800.4886
593.1034 390.0652
596.2069 501.4658
599.3103 480.9446
599.3103 442.8339
599.3103 222.9642
602.4138 627.5244
602.4138 187.7850
602.4138 170.1955
605.5172 683.2248
605.5172 680.2932
605.5172 478.0130
608.4655 71.3029
608.6207 662.7036
608.6207 272.8013
611.7241 800.4886
614.8276 656.8404
614.8276 196.5798
617.9310 844.4625
617.9310 527.8502
617.9310 217.1010
621.0345 862.0521
621.0345 694.9511
621.0345 337.2964
624.1379 759.4463
624.1379 354.8860
627.2414 853.2573
627.2414 759.4463
627.2414 275.7329
630.3448 844.4625
630.3448 841.5309
630.3448 823.9414
630.3448 768.2410
630.3448 472.1498
630.3448 240.5538
631.4310 119.9186
633.4483 864.9837
633.4483 753.5831
633.4483 633.3876
633.4483 630.4560
636.5517 838.5994
639.6552 413.5179
645.8621 689.0880
645.8621 392.9967
645.8621 310.9121
645.8621 132.0847
648.9655 542.5081
648.9655 539.5766
652.0690 885.5049
652.0690 390.0652
655.1724 636.3192
655.1724 401.7915
655.1724 202.4430
658.2759 706.6775
658.2759 67.5896
660.7069 387.0358
661.3793 539.5766
661.3793 287.4593
667.5862 733.0619
667.5862 170.1955
670.6897 791.6938
670.6897 712.5407
670.6897 709.6091
670.6897 630.4560
670.6897 615.7980
670.6897 542.5081
673.7931 624.5928
673.7931 551.3029
673.7931 448.6971
673.7931 390.0652
676.8965 612.8664
676.8965 343.1596
676.8965 322.6384
680.0000 864.9837
680.0000 665.6352
680.0000 404.7231
680.0000 152.6059
683.1034 750.6515
683.1034 721.3355
683.1034 316.7752
683.1034 310.9121
684.1379 318.7785
685.1207 88.5994
686.2069 533.7134
686.2069 316.7752
689.3103 853.2573
692.4138 246.4169
692.4138 196.5798
692.4138 108.6319
695.5172 771.1726
695.5172 592.3453
695.5172 413.5179
695.5172 275.7329
695.5172 126.2215
698.6207 876.7101
698.6207 187.7850
698.6207 73.4528
704.8276 862.0521
704.8276 205.3746
707.9310 791.6938
711.0345 923.6156
711.0345 906.0261
711.0345 712.5407
711.0345 199.5114
717.2414 733.0619
717.2414 108.6319
717.2414 76.3844
720.3448 694.9511
720.3448 416.4495
720.3448 152.6059
723.4483 601.1401
723.4483 392.9967
723.4483 214.1694
723.4483 190.7166
726.5517 61.7264
732.7586 826.8730
732.7586 79.3160
735.8621 554.2345
735.8621 202.4430
738.9655 422.3127
742.0690 621.6612
742.0690 319.7069
742.0690 296.2541
742.0690 178.9902
745.1724 554.2345
745.1724 299.1857
745.1724 208.3062
745.1724 190.7166
748.2759 914.8208
748.2759 700.8143
748.2759 395.9283
748.2759 231.7590
748.2759 228.8274
748.2759 181.9218
748.2759 50.0000
751.3793 624.5928
751.3793 328.5016
754.4828 161.4007
757.5862 604.0717
757.5862 530.7818
757.5862 431.1075
757.5862 217.1010
757.5862 93.9739
760.6897 501.4658
760.6897 343.1596
760.6897 140.8795
760.6897 82.2476
763.7931 281.5961
763.7931 73.4528
766.8965 829.8046
766.8965 140.8795
766.8965 96.9055
766.8965 79.3160
767.9828 73.0619
770.0000 533.7134
770.0000 79.3160
773.1035 184.8534
776.2069 777.0358
776.2069 536.6450
776.2069 152.6059
776.2069 99.8371
779.3103 689.0880
779.3103 495.6026
779.3103 439.9023
782.4138 838.5994
782.4138 738.9251
782.4138 422.3127
782.4138 407.6547
782.4138 237.6222
782.4138 173.1270
785.5172 231.7590
787.7931 437.4104
788.6207 123.2899
791.7241 835.6678
794.8276 404.7231
797.9310 307.9805
798.3448 121.0912
798.5000 92.2150
801.0345 856.1889
801.0345 853.2573
801.0345 709.6091
801.0345 354.8860
804.1379 864.9837
804.1379 521.9870
804.1379 135.0163
805.2241 415.3746
807.2414 838.5994
807.2414 694.9511
807.2414 436.9707
807.2414 302.1173
807.2414 281.5961
807.2414 161.4007
807.2414 146.7427
810.3448 299.1857
813.4483 521.9870
813.4483 322.6384
816.5517 486.8078
816.5517 354.8860
819.6552 838.5994
819.6552 771.1726
819.6552 220.0326
822.7586 653.9088
822.7586 609.9349
822.7586 436.9707
822.7586 313.8436
822.7586 190.7166
824.1035 406.6775
825.8621 480.9446
825.8621 258.1433
825.8621 170.1955
828.9655 334.3648
828.9655 299.1857
828.9655 261.0749
828.9655 237.6222
829.4310 333.4365
832.0690 571.8241
832.0690 536.6450
832.0690 258.1433
832.0690 173.1270
832.8448 349.5603
835.1724 516.1238
835.1724 360.7492
835.1724 246.4169
835.1724 222.9642
835.1724 149.6743
835.4828 405.0163
838.2759 867.9153
838.2759 856.1889
838.2759 815.1466
838.2759 621.6612
838.2759 560.0977
838.2759 513.1922
838.2759 404.7231
838.2759 290.3909
838.2759 287.4593
838.2759 199.5114
838.8965 611.4007
841.2759 379.8046
841.3793 425.2443
841.3793 407.6547
841.3793 340.2280
844.4828 864.9837
844.4828 416.4495
844.4828 381.2704
844.4828 269.8697
844.4828 240.5538
844.4828 181.9218
844.4828 143.8111
846.6552 404.3323
847.5862 392.9967
847.5862 249.3485
847.5862 170.1955
848.1552 400.7655
850.6896 478.0130
850.6896 225.8958
850.6896 173.1270
850.6896 143.8111
852.3448 397.0521
853.7414 461.1563
853.7931 513.1922
853.7931 445.7655
853.7931 431.1075
853.7931 425.2443
853.7931 193.6482
854.4138 406.3844
856.8966 173.1270
856.8966 149.6743
860.0000 768.2410
860.0000 539.5766
860.0000 536.6450
860.0000 325.5700
862.6379 468.5342
863.1034 548.3713
863.1034 407.6547
866.2069 607.0033
866.7759 334.5603
867.1896 405.8469
867.3448 426.2215
869.3103 422.3127
869.3103 419.3811
872.4138 495.6026
875.5172 527.8502
878.6207 504.3974
878.7241 352.0521
879.7586 430.6189
881.7241 730.1303
881.7241 565.9609
881.7241 451.6287
882.6552 412.3941
887.9310 542.5081
887.9310 480.9446
887.9310 416.4495
887.9310 366.1726
890.4655 464.0391
891.0345 609.9349
891.0345 498.5342
891.0345 369.5440
891.0345 349.0228
891.0345 343.1596
893.8276 436.4821
894.1379 797.5570
894.1379 604.0717
894.1379 475.0814
897.2414 530.7818
897.2414 346.0912
900.0345 436.8241
900.3448 492.6710
903.1897 462.1824
903.4483 577.6873
903.4483 557.1661
903.4483 483.8762
905.2586 436.3844
906.5517 604.0717
906.5517 524.9186
906.6034 468.6319
908.2069 457.7850
909.6552 592.3453
909.6552 530.7818
911.8276 435.7492
911.9828 471.4658
912.1379 407.3127
912.2931 437.4593
912.7586 519.0554
915.4483 465.7003
917.1552 413.5179
918.9655 665.6352
918.9655 609.9349
918.9655 586.4821
918.9655 436.9707
918.9655 434.0391
919.2759 416.3029
919.5345 459.9837
921.3966 467.2150
922.0690 457.4919
922.0690 442.8339
924.2931 450.5538
925.1724 454.5603
925.1724 436.9707
925.1724 434.0391
928.2759 460.4235
928.2759 454.5603
928.2759 436.9707
928.2759 434.0391
929.7759 445.0326
930.1897 465.8958
931.3793 674.4300
931.3793 445.7655
932.1035 451.5798
932.9310 429.5440
933.3448 469.8534
934.4827 448.6971
934.4827 442.8339
934.4827 439.9023
934.4827 436.9707
934.4827 434.0391
934.8448 464.4300
937.5862 659.7720
937.5862 601.1401
937.5862 457.4919
937.5862 451.6287
937.5862 448.6971
937.5862 442.8339
938.5172 445.4723
938.5690 440.8795
939.1379 438.4365
939.3965 448.3062
941.8276 446.9870
950.0000 659.7720
