1000 1000
50.0000 385.6643
95.9184 570.2797
118.8776 226.2238
123.4694 232.5175
125.7653 234.6154
132.6531 519.9301
160.2041 433.9161
162.5000 576.5734
162.5000 427.6224
162.5000 276.5734
169.3878 226.2238
183.1633 454.8951
183.1633 337.4126
187.7551 177.9720
190.0510 312.2378
190.0510 77.2727
192.3469 440.2098
192.3469 201.0490
194.6429 396.1538
199.2347 226.2238
201.5306 284.9650
203.8265 633.2168
203.8265 465.3846
208.4184 498.9510
215.3061 498.9510
215.3061 456.9930
215.3061 406.6434
217.6020 337.4126
217.6020 232.5175
219.8980 209.4406
219.8980 165.3846
222.1939 513.6364
222.1939 362.5874
222.1939 257.6923
224.4898 64.6853
231.3776 243.0070
233.6735 370.9790
233.6735 318.5315
233.6735 316.4336
238.2653 576.5734
240.5612 626.9231
242.8571 626.9231
242.8571 129.7203
247.4490 526.2238
247.4490 312.2378
249.7449 662.5874
249.7449 341.6084
249.7449 125.5245
254.3367 668.8811
258.9286 83.5664
261.2245 299.6503
265.8163 421.3287
265.8163 293.3566
265.8163 291.2587
268.1122 293.3566
268.1122 291.2587
268.1122 115.0350
268.1122 96.1538
270.4082 257.6923
272.7041 360.4895
272.7041 295.4545
272.7041 228.3217
275.0000 559.7902
275.0000 295.4545
275.0000 50.0000
277.2959 396.1538
277.2959 291.2587
279.5918 400.3496
279.5918 305.9441
279.5918 295.4545
279.5918 287.0629
279.5918 50.0000
281.8878 375.1748
281.8878 305.9441
281.8878 295.4545
284.1837 146.5035
284.1837 56.2937
286.4796 622.7273
286.4796 404.5454
288.7755 50.0000
291.0714 643.7063
293.3674 670.9790
293.3674 310.1399
295.6633 691.9580
295.6633 683.5664
295.6633 679.3706
300.2551 303.8461
302.5510 689.8601
302.5510 368.8811
304.8469 601.7482
304.8469 196.8531
311.7347 282.8671
314.0306 761.1888
314.0306 712.9371
314.0306 171.6783
316.3265 305.9441
318.6225 364.6853
318.6225 201.0490
320.9184 324.8252
323.2143 549.3007
323.2143 289.1608
323.2143 228.3217
327.8061 356.2937
330.0638 293.6014
330.1020 284.9650
330.1020 282.8671
330.3699 310.3147
330.4082 305.2797
330.4082 283.3916
331.1735 282.5175
331.7092 287.9021
331.7857 308.2867
331.8622 309.4755
332.1684 296.2587
332.2066 293.8462
332.2832 288.1119
332.3980 300.6294
332.4362 287.4825
332.4745 287.0629
332.7423 293.1468
332.8189 284.3706
332.8954 307.6224
333.2781 287.9371
333.3163 294.3706
333.3163 285.5594
333.3546 290.3147
333.3546 286.7482
333.3929 289.3007
333.4694 301.8182
333.6225 298.3217
333.8138 282.4475
334.6939 404.5454
334.6939 375.1748
334.7321 285.3846
334.8852 293.6713
334.9235 292.9021
334.9617 294.1608
335.0383 295.8042
335.1531 301.9930
335.3827 295.0000
335.7270 298.8461
335.8418 295.7343
336.0714 293.5315
336.0714 281.6783
336.5306 297.3077
336.6072 286.8182
336.7219 285.3496
336.7985 280.4895
336.8750 296.6084
336.8750 294.4056
336.9898 312.2378
336.9898 297.5524
336.9898 291.2587
336.9898 259.7902
337.0663 284.3357
337.2194 299.4056
337.6020 288.0070
337.8316 298.4965
337.8699 293.5664
338.0995 284.7902
338.4056 296.8182
338.4056 281.9930
338.4821 298.4965
338.7883 295.8042
338.9796 303.9860
339.0179 281.8881
339.1709 301.2238
339.5153 295.7692
339.5918 299.2308
339.9362 294.0909
340.1276 309.0559
340.2041 297.8671
340.3954 289.3706
340.4719 287.1329
341.0077 284.1608
341.2755 296.5385
341.3903 287.0280
341.5816 297.5524
341.5816 77.2727
341.8112 287.9021
342.0408 281.3636
342.1556 289.8252
342.1556 283.2867
342.7679 301.7832
343.4184 290.1399
343.4566 284.1958
343.5332 287.2028
343.8393 282.8671
343.8775 297.5524
343.8775 293.3566
344.1837 285.7692
344.5663 310.2448
344.7577 290.7343
344.9872 285.1049
345.0638 292.0280
345.3316 302.2727
345.5995 292.7622
345.6760 306.5035
345.9056 297.7622
346.0204 283.4266
346.1735 563.9860
346.1735 295.4545
346.1735 291.2587
346.1735 276.5734
346.1735 251.3986
346.2117 290.7692
346.2117 289.0909
346.2500 293.1818
346.5561 288.9860
346.9005 303.7762
347.0918 300.4196
347.1684 287.6573
347.3597 305.9441
347.4362 296.7482
347.5128 284.1958
347.5510 291.9930
348.0867 295.9091
348.1633 292.5175
348.2781 306.9930
348.3546 311.5734
348.4311 308.8112
348.4694 291.2587
348.8138 285.4895
348.8520 301.1888
349.9235 299.3706
350.0765 288.2168
350.2296 297.5524
350.2296 283.9860
350.6888 294.3357
350.7653 337.4126
350.9184 298.4965
350.9566 309.6154
351.1097 300.6643
351.8750 284.9650
352.0663 290.6643
352.1811 297.1678
353.0612 765.3846
353.0612 268.1818
354.5153 300.6294
354.8214 298.2517
355.1658 298.9510
355.3571 301.7483
356.8495 298.5664
357.5383 308.4965
357.6531 950.0000
357.6913 302.8671
357.8061 298.3217
358.0357 299.3357
358.4184 304.8951
359.1454 302.4825
362.2449 740.2098
362.2449 370.9790
364.5408 291.2587
366.8367 731.8182
369.1327 786.3636
369.1327 287.0629
371.4286 406.6434
371.4286 287.0629
371.4286 259.7902
376.0204 698.2517
376.0204 444.4056
378.3163 368.8811
378.3163 272.3776
378.3163 257.6923
380.6122 438.1119
380.6122 433.9161
380.6122 312.2378
380.6122 278.6713
382.9082 746.5035
382.9082 444.4056
385.2041 475.8741
385.2041 436.0140
385.2041 408.7413
385.2041 406.6434
387.5000 629.0210
387.5000 192.6573
389.7959 270.2797
389.7959 213.6364
392.0918 337.4126
392.0918 249.3007
392.0918 230.4196
394.3878 436.0140
396.6837 752.7972
396.6837 683.5664
396.6837 559.7902
396.6837 450.6993
396.6837 308.0420
396.6837 79.3706
403.5714 354.1958
403.5714 316.4336
403.5714 287.0629
405.8673 167.4825
408.1633 679.3706
408.1633 398.2517
408.1633 339.5105
408.1633 253.4965
410.4592 794.7552
410.4592 427.6224
410.4592 352.0979
410.4592 350.0000
410.4592 282.8671
410.4592 274.4755
412.7551 350.0000
415.0510 440.2098
415.0510 436.0140
417.3469 868.1818
417.3469 415.0350
417.3469 98.2517
417.3469 89.8601
419.6429 442.3077
419.6429 339.5105
419.6429 255.5944
421.9388 203.1468
424.2347 675.1748
428.8265 494.7552
428.8265 448.6014
431.1225 337.4126
431.1225 234.6154
433.4184 498.9510
438.0102 249.3007
440.3061 358.3916
440.3061 159.0909
442.6020 159.0909
444.8980 293.3566
447.1939 889.1608
449.4898 446.5035
451.7857 819.9301
451.7857 782.1678
451.7857 228.3217
456.3776 452.7972
456.3776 96.1538
458.6735 591.2587
460.9694 94.0559
465.5612 733.9161
465.5612 322.7273
465.5612 175.8741
465.5612 152.7972
467.8571 574.4755
467.8571 73.0769
472.4490 614.3357
474.7449 593.3566
477.0408 635.3147
477.0408 618.5315
479.3367 782.1678
479.3367 595.4545
486.2245 748.6014
488.5204 750.6993
488.5204 87.7622
490.8163 744.4056
490.8163 263.9860
493.1123 448.6014
493.1123 446.5035
495.4082 706.6433
495.4082 419.2308
495.4082 100.3497
497.7041 738.1119
497.7041 389.8601
500.0000 750.6993
500.0000 125.5245
500.0000 89.8601
502.2959 513.6364
502.2959 412.9371
502.2959 96.1538
504.5918 563.9860
504.5918 295.4545
504.5918 100.3497
506.8878 610.1399
506.8878 608.0420
506.8878 459.0909
506.8878 312.2378
509.1837 601.7482
509.1837 452.7972
513.7755 205.2448
516.0714 587.0629
516.0714 278.6713
518.3673 681.4685
520.6633 717.1329
522.9592 736.0140
522.9592 721.3287
525.2551 593.3566
525.2551 450.6993
527.5510 738.1119
527.5510 729.7203
527.5510 96.1538
529.8469 744.4056
529.8469 738.1119
529.8469 727.6224
529.8469 717.1329
532.1429 725.5245
532.1429 719.2308
532.1429 448.6014
534.4388 742.3077
534.4388 738.1119
534.4388 736.0140
534.4388 731.8182
534.4388 715.0350
536.7347 727.6224
536.7347 519.9301
539.0306 723.4266
539.0306 712.9371
541.3265 756.9930
541.3265 752.7972
541.3265 748.6014
541.3265 738.1119
541.3265 733.9161
541.3265 727.6224
543.6224 761.1888
543.6224 746.5035
543.6224 723.4266
543.6224 721.3287
543.6224 719.2308
543.6224 473.7762
543.6224 358.3916
545.9184 750.6993
545.9184 738.1119
545.9184 736.0140
545.9184 723.4266
548.2143 761.1888
548.2143 756.9930
548.2143 717.1329
550.5102 740.2098
550.5102 736.0140
550.5102 723.4266
550.5102 721.3287
550.5102 402.4476
550.5102 245.1049
552.8061 801.0489
552.8061 754.8951
552.8061 752.7972
552.8061 727.6224
552.8061 723.4266
552.8061 721.3287
552.8061 618.5315
555.1020 805.2448
555.1020 796.8531
555.1020 748.6014
555.1020 480.0699
555.1020 423.4266
557.3980 813.6364
557.3980 801.0489
557.3980 744.4056
557.3980 723.4266
557.3980 475.8741
559.6939 807.3426
559.6939 794.7552
559.6939 792.6573
559.6939 777.9720
559.6939 767.4825
559.6939 719.2308
559.6939 626.9231
559.6939 620.6294
561.9898 798.9510
561.9898 782.1678
561.9898 761.1888
561.9898 723.4266
561.9898 712.9371
564.2857 786.3636
564.2857 773.7762
564.2857 752.7972
564.2857 740.2098
564.2857 738.1119
564.2857 733.9161
564.2857 723.4266
564.2857 715.0350
564.2857 557.6923
564.2857 320.6294
566.5816 801.0489
566.5816 794.7552
566.5816 771.6783
566.5816 767.4825
566.5816 738.1119
566.5816 715.0350
566.5816 448.6014
568.8776 798.9510
568.8776 794.7552
568.8776 784.2657
568.8776 777.9720
568.8776 763.2867
568.8776 756.9930
568.8776 744.4056
568.8776 719.2308
568.8776 456.9930
568.8776 454.8951
568.8776 272.3776
571.1735 796.8531
571.1735 780.0699
571.1735 773.7762
571.1735 767.4825
571.1735 756.9930
571.1735 748.6014
571.1735 746.5035
571.1735 733.9161
571.1735 725.5245
571.1735 605.9440
571.1735 326.9231
573.4694 794.7552
573.4694 790.5594
573.4694 752.7972
573.4694 712.9371
573.4694 710.8392
573.4694 582.8671
573.4694 456.9930
575.7653 773.7762
575.7653 742.3077
575.7653 736.0140
575.7653 721.3287
575.7653 708.7413
575.7653 104.5455
578.0612 813.6364
578.0612 792.6573
578.0612 790.5594
578.0612 786.3636
578.0612 775.8741
578.0612 767.4825
578.0612 433.9161
580.3571 796.8531
580.3571 782.1678
580.3571 750.6993
580.3571 708.7413
580.3571 89.8601
580.3571 75.1748
582.6531 798.9510
582.6531 794.7552
582.6531 786.3636
584.9490 786.3636
584.9490 744.4056
584.9490 719.2308
584.9490 710.8392
584.9490 673.0769
584.9490 331.1189
587.2449 782.1678
587.2449 731.8182
587.2449 706.6433
587.2449 73.0769
589.5408 798.9510
589.5408 788.4615
589.5408 738.1119
591.8367 794.7552
591.8367 790.5594
591.8367 780.0699
591.8367 717.1329
591.8367 712.9371
591.8367 320.6294
594.1327 796.8531
594.1327 792.6573
594.1327 784.2657
594.1327 733.9161
594.1327 721.3287
594.1327 278.6713
594.1327 115.0350
596.4286 807.3426
596.4286 786.3636
596.4286 771.6783
596.4286 761.1888
596.4286 750.6993
596.4286 731.8182
596.4286 725.5245
596.4286 715.0350
596.4286 425.5245
598.7245 801.0489
598.7245 754.8951
598.7245 748.6014
598.7245 570.2797
601.0204 798.9510
601.0204 794.7552
601.0204 792.6573
601.0204 744.4056
601.0204 740.2098
601.0204 721.3287
601.0204 717.1329
601.0204 467.4825
603.3163 729.7203
603.3163 706.6433
603.3163 576.5734
603.3163 488.4615
603.3163 194.7552
605.6122 727.6224
605.6122 712.9371
605.6122 341.6084
607.9082 706.6433
607.9082 704.5455
610.2041 775.8741
610.2041 763.2867
610.2041 752.7972
610.2041 725.5245
610.2041 708.7413
610.2041 702.4475
610.2041 580.7692
610.2041 121.3287
612.5000 717.1329
612.5000 704.5455
612.5000 526.2238
612.5000 505.2447
614.7959 725.5245
614.7959 721.3287
614.7959 698.2517
614.7959 582.8671
614.7959 64.6853
617.0918 717.1329
619.3878 775.8741
619.3878 752.7972
619.3878 744.4056
619.3878 723.4266
619.3878 704.5455
621.6837 754.8951
621.6837 750.6993
621.6837 721.3287
621.6837 712.9371
621.6837 704.5455
621.6837 694.0559
623.9796 643.7063
626.2755 725.5245
627.8061 330.0699
630.1020 464.3357
630.8674 756.9930
630.8674 704.5455
630.8674 419.2308
633.1633 773.7762
633.1633 769.5804
633.1633 721.3287
633.1633 715.0350
633.5459 219.5804
635.4592 761.1888
637.7551 752.7972
637.7551 750.6993
637.7551 245.1049
637.7551 131.8182
642.3469 559.7902
644.6429 570.2797
644.6429 517.8322
644.6429 360.4895
644.6429 240.9091
646.8623 440.0350
646.9388 706.6433
646.9388 685.6643
649.2347 706.6433
649.2347 364.6853
649.2347 324.8252
649.2347 266.0839
652.6786 603.6014
652.7934 626.0839
653.0612 623.2168
653.3674 594.4056
653.5204 605.6643
653.8265 602.9371
653.8265 578.6713
653.8265 358.3916
653.8265 322.7273
653.8265 320.6294
653.8265 222.0280
654.0561 607.7972
654.8214 603.9860
655.1276 604.9650
655.1658 607.5524
655.2041 603.4965
655.2423 602.0280
655.4337 600.1399
655.5867 598.8811
655.8163 591.5734
655.9311 600.2797
655.9694 606.9231
656.1225 742.3077
656.1225 719.2308
656.1225 683.5664
656.1225 614.3357
656.1225 608.0420
656.1225 596.9231
656.1607 602.2028
656.1990 595.1049
656.2372 600.4545
656.3138 596.0489
656.3903 604.5105
656.5816 617.4825
656.5816 600.9091
656.5816 598.9860
656.6964 612.1329
657.0026 601.0140
657.0026 595.1049
657.1556 602.7622
657.2704 614.4755
657.6531 602.1329
657.9975 601.1538
658.0357 610.8392
658.0357 590.9790
658.3801 599.8252
658.4184 721.3287
658.4184 689.8601
658.4184 379.3706
658.8010 603.7762
658.8010 603.0769
658.9158 612.9371
659.1072 610.7343
659.2219 614.8951
659.2985 601.3986
659.2985 600.5245
659.6046 608.8112
659.9490 604.4406
660.0255 597.8322
660.1020 605.5245
660.4082 601.3636
660.4847 615.0000
660.4847 602.8671
660.7908 595.3846
661.0204 605.6643
661.0969 612.1678
661.0969 610.2448
661.1735 619.7552
661.2117 613.6014
661.2883 616.1189
661.3648 607.7273
661.6709 606.2238
661.7857 601.7482
661.9005 604.8601
661.9388 598.8811
661.9770 610.3496
662.0918 599.7203
662.2449 617.6923
662.3214 609.1958
662.4362 602.4126
662.5893 615.3147
662.6276 606.2238
662.7806 611.6783
662.8954 610.6294
662.8954 584.4755
662.9337 602.3427
663.0102 765.3846
663.0102 715.0350
663.0102 603.8462
663.0102 599.6503
663.0102 484.2657
663.3546 609.7203
663.3546 603.6713
663.6607 611.1538
663.7755 607.5524
664.1582 601.6084
664.2730 606.7832
664.4643 613.3217
664.5791 600.4895
664.7321 609.4406
664.7704 605.6993
664.9235 595.1399
664.9617 611.1888
665.1148 591.7483
665.3061 727.6224
665.3061 289.1608
665.3061 75.1748
665.4209 607.2378
665.5357 592.7622
665.8801 599.4755
665.9949 605.3496
666.0714 604.4406
666.1480 608.9510
666.1862 597.9371
666.4158 593.8461
666.8367 320.2797
666.9898 610.0350
667.0663 600.5245
667.2577 595.5594
667.6020 597.5524
667.6020 257.6923
667.7551 603.4965
667.8316 612.2028
667.8316 601.6084
667.8699 614.9650
667.9082 606.8881
667.9464 584.6853
668.1378 593.2168
668.2143 602.5175
668.5204 599.1608
668.7500 605.7343
668.9413 597.2028
669.1327 604.0559
669.5536 610.3147
669.6301 606.9580
669.7449 599.2308
669.7832 601.7482
669.8214 597.7273
669.8980 706.6433
669.8980 608.0420
669.8980 96.1538
670.0128 605.8392
670.1276 610.0000
670.1658 604.6154
670.4719 587.3077
670.5867 602.3776
670.7781 604.0210
670.8546 600.5245
671.0842 586.4685
671.5816 591.4685
671.8495 606.9930
671.8878 595.1399
671.9260 602.3427
672.0791 593.6014
672.1939 767.4825
672.1939 706.6433
672.1939 513.6364
672.1939 247.2028
672.3087 599.7902
672.4617 603.1119
672.6531 604.4406
672.8827 605.0350
672.9592 603.8112
672.9592 587.7622
673.2653 588.8461
673.4184 642.1678
673.7245 596.9580
673.7628 598.0420
673.7628 594.2657
673.8393 599.4406
673.9541 600.3496
674.4898 765.3846
674.4898 561.8881
674.5281 586.6783
674.5281 583.2867
675.0255 583.3566
675.4082 596.4685
679.0816 310.1399
680.9949 440.0350
683.6735 559.7902
683.6735 96.1538
685.9694 360.4895
685.9694 91.9580
685.9694 81.4685
688.2653 421.3287
688.2653 110.8392
690.5612 243.0070
692.8572 635.3147
692.8572 553.4965
692.8572 123.4266
692.8572 98.2517
695.1531 650.0000
695.1531 142.3077
697.4490 563.9860
697.4490 243.0070
699.7449 616.4336
699.7449 601.7482
699.7449 161.1888
700.1275 178.3217
702.0408 465.3846
702.0408 333.2168
702.0408 112.9371
704.3367 545.1049
706.6327 190.5594
708.9286 700.3496
708.9286 436.0140
713.4821 544.4056
713.5204 511.5385
715.8163 515.7343
718.1122 358.3916
718.1122 259.7902
718.1122 123.4266
720.4082 509.4406
720.4082 375.1748
725.0000 696.1538
725.0000 629.0210
725.3827 249.6503
726.9133 285.3147
727.2959 626.9231
727.2959 419.2308
731.7730 532.3427
734.1837 140.2098
736.4796 624.8252
738.5842 220.9790
738.7755 668.8811
745.5485 463.1119
752.5510 484.2657
752.5510 324.8252
752.5510 144.4056
759.4388 400.3496
766.2500 326.5734
768.6225 618.5315
768.6225 557.6923
770.1531 495.8042
770.9184 551.3986
773.2143 253.4965
775.5102 391.9580
775.5102 207.3427
777.8061 547.2028
780.1020 524.1259
782.3980 232.5175
784.6939 243.0070
786.9898 620.6294
786.9898 215.7343
789.2857 505.2447
791.5816 712.9371
800.7653 263.9860
803.0612 230.4196
807.6531 696.1538
814.5408 333.2168
832.9082 297.5524
837.5000 610.1399
837.5000 333.2168
838.4949 333.7762
839.7959 569.5804
839.7959 438.1119
839.7959 169.5804
844.3878 226.2238
848.9796 666.7832
851.2755 568.1818
851.2755 484.2657
853.5714 238.8112
860.4592 268.1818
867.3469 161.1888
869.6429 559.7902
871.9770 535.6993
874.2347 259.7902
876.5306 526.2238
881.1224 442.3077
892.4107 227.7972
897.1939 507.3427
897.1939 501.0489
906.3776 526.2238
906.3776 505.2447
906.4541 422.0979
910.2423 220.6294
913.2653 505.2447
913.2653 477.9720
920.1531 505.2447
920.1531 404.5454
927.0408 247.2028
929.3367 406.6434
929.3367 343.7063
933.9286 417.1329
936.2245 341.6084
938.5204 345.8042
945.4082 381.4685
945.4082 326.9231
947.7041 425.5245
950.0000 308.0420
